7 0.3666145833333333 0.46362847222222225 0.0465856481481481 0.05630787037037042
7 0.38872685185185185 0.7138888888888889 0.05092592592592595 0.07986111111111108
5 0.5198726851851851 0.36516203703703703 0.08401620370370377 0.1465856481481481
3 0.5673148148148147 0.35248842592592594 0.08606481481481473 0.1560185185185185
4 0.5821296296296297 0.47280092592592593 0.12440972222222228 0.2338541666666666
4 0.22298032407407406 0.406568287037037 0.07188657407407409 0.09311342592592595
4 0.6211979166666667 0.2155960648148148 0.04510416666666668 0.0578125
4 0.6991030092592593 0.24701967592592594 0.04009259259259253 0.05138888888888893
1 0.24901041666666668 0.14516782407407408 0.052164351851851795 0.07366898148148149
3 0.37007523148148147 0.3668113425925926 0.0758217592592592 0.1088541666666667
8 0.43270833333333336 0.37696759259259255 0.07738425925925921 0.10891203703703703
8 0.4982581018518518 0.4361400462962964 0.10777777777777793 0.15370370370370381
5 0.11948495370370368 0.35737847222222224 0.17864583333333334 0.28732638888888895
5 0.11890624999999999 0.9850983796296295 0.0633912037037037 0.019502314814814882
4 0.050902777777777776 0.20630787037037038 0.04946759259259259 0.05173611111111107