1 0.20381944444444447 0.8120023148148148 0.049710648148148094 0.059710648148148235
5 0.5149305555555556 0.6058275462962962 0.09050925925925916 0.12560185185185196
8 0.5626736111111111 0.7233043981481482 0.07679398148148149 0.08802083333333321
7 0.425318287037037 0.29205439814814815 0.062268518518518515 0.08166666666666664
4 0.5819444444444445 0.49857060185185187 0.18275462962962957 0.2746412037037036
8 0.4927083333333334 0.5166493055555555 0.13003472222222215 0.17430555555555555
8 0.4148726851851852 0.5832233796296297 0.07534722222222215 0.08957175925925931
4 0.1982349537037037 0.5363310185185185 0.08049768518518516 0.09585648148148138
4 0.07670717592592594 0.6244444444444445 0.06846064814814815 0.10201388888888889
4 0.6080729166666666 0.7564351851851852 0.05173611111111107 0.06597222222222214
4 0.6933159722222222 0.7266145833333333 0.04646990740740744 0.05812500000000007
3 0.38894675925925926 0.6127025462962964 0.08506944444444446 0.13649305555555563