1 0.23606481481481484 0.16816550925925927 0.03907407407407408 0.055347222222222214
5 0.515474537037037 0.40542245370370367 0.07056712962962966 0.11804398148148146
8 0.5654976851851853 0.3019502314814815 0.06168981481481488 0.08164351851851856
7 0.41954861111111114 0.6846122685185185 0.05061342592592588 0.07630787037037035
4 0.5732870370370371 0.5145023148148148 0.14021990740740725 0.2578703703703704
8 0.49121527777777774 0.4845949074074074 0.10306712962962976 0.16208333333333336
8 0.4221585648148148 0.41163194444444445 0.06017361111111121 0.08311342592592581
4 0.21907407407407406 0.4246412037037038 0.06504629629629628 0.0896412037037038
4 0.10622685185185185 0.3240393518518519 0.06210648148148148 0.09570601851851848
4 0.6077141203703704 0.2770601851851852 0.04238425925925924 0.06178240740740737
4 0.6855555555555556 0.3176736111111111 0.03746527777777793 0.05369212962962964
3 0.39881944444444445 0.38050925925925927 0.06464120370370371 0.12861111111111106