5 0.4478240740740741 0.35815972222222225 0.07851851851851847 0.12041666666666657
1 0.6386111111111111 0.05166666666666667 0.04555555555555557 0.06190972222222222
8 0.36269675925925926 0.27819444444444447 0.06646990740740737 0.08267361111111109
3 0.8900752314814815 0.3437847222222222 0.12461805555555543 0.1479861111111111
4 0.7468229166666667 0.3046875 0.07152777777777786 0.09527777777777775
4 0.8195428240740741 0.1767013888888889 0.0651851851851852 0.09201388888888888
8 0.5003240740740741 0.44364583333333335 0.12181712962962958 0.1588541666666666
8 0.5394097222222222 0.33989583333333334 0.06642361111111121 0.08111111111111109
3 0.5492361111111111 0.30263888888888885 0.07451388888888885 0.09065972222222225
4 0.5892708333333333 0.2309201388888889 0.10457175925925917 0.10381944444444446
4 0.4376099537037037 0.5140798611111111 0.12481481481481485 0.20732638888888885
4 0.3114525462962963 0.26144097222222223 0.045324074074074086 0.0540972222222222
4 0.25004629629629627 0.3233159722222222 0.042337962962962994 0.05871527777777778