5 0.5228645833333333 0.5990451388888889 0.06412037037037041 0.11168981481481488
1 0.2484837962962963 0.8309606481481481 0.03831018518518521 0.056076388888888926
8 0.5730150462962963 0.6924479166666667 0.05577546296296294 0.07546296296296298
3 0.11821180555555555 0.5062789351851852 0.10350694444444444 0.13501157407407405
4 0.23429976851851855 0.5761574074074074 0.05906249999999993 0.0865162037037038
4 0.12586805555555555 0.6746527777777779 0.05278935185185185 0.08472222222222214
8 0.503894675925926 0.5091724537037037 0.10054398148148139 0.1458333333333332
8 0.43314814814814817 0.5937789351851852 0.055752314814814775 0.07390046296296297
3 0.41238425925925926 0.625 0.0636805555555556 0.08200231481481488
4 0.3522222222222222 0.680324074074074 0.09194444444444443 0.09241898148148149
4 0.5834722222222222 0.4609375 0.09655092592592603 0.19253472222222215
4 0.6132233796296296 0.7190682870370371 0.038217592592592456 0.04982638888888893
4 0.6895717592592593 0.677980324074074 0.033599537037036956 0.054340277777777855