1 0.3046875 0.13203125 0.0296875 0.0484375
5 0.546875 0.37890625 0.05078125 0.103125
8 0.60546875 0.28515625 0.04765625 0.06875
7 0.4265625 0.6375 0.0375 0.065625
4 0.59140625 0.48828125 0.09609375 0.228125
8 0.515625 0.453125 0.07578125 0.140625
8 0.45703125 0.37890625 0.04609375 0.07109375
4 0.26171875 0.375 0.04921875 0.07578125
4 0.16484375 0.27109375 0.0453125 0.08203125
4 0.64921875 0.26484375 0.03125 0.053125
4 0.71875 0.30859375 0.02734375 0.04609375
3 0.43828125 0.34765625 0.04296875 0.11484375