5 0.5484375 0.38046875 0.05078125 0.1015625
1 0.30546875 0.1359375 0.03125 0.05078125
8 0.60859375 0.29296875 0.04765625 0.06796875
3 0.1390625 0.44375 0.08828125 0.11953125
4 0.26171875 0.38359375 0.0484375 0.07890625
4 0.1671875 0.28046875 0.04296875 0.078125
8 0.51953125 0.4671875 0.084375 0.13203125
8 0.459375 0.3796875 0.046875 0.06640625
3 0.4421875 0.34765625 0.053125 0.0734375
4 0.38984375 0.28984375 0.08046875 0.0796875
4 0.59140625 0.51953125 0.075 0.17890625
4 0.6515625 0.26875 0.03203125 0.04453125
4 0.721875 0.31484375 0.02734375 0.04921875