7 0.3784143518518518 0.5304166666666668 0.0382407407407408 0.05166666666666657
7 0.3746527777777778 0.27651041666666665 0.03861111111111111 0.07666666666666666
5 0.5396354166666667 0.5951736111111111 0.06141203703703706 0.14013888888888887
3 0.5881423611111111 0.5977083333333333 0.061550925925925884 0.14951388888888886
4 0.5910127314814815 0.47484374999999995 0.086076388888889 0.22399305555555565
4 0.2421412037037037 0.6193402777777778 0.057500000000000016 0.08687500000000004
4 0.6556539351851851 0.7221354166666667 0.03516203703703695 0.05465277777777775
4 0.729994212962963 0.6742708333333333 0.031921296296296295 0.04670138888888893
1 0.2959722222222222 0.8757118055555555 0.04005787037037036 0.06892361111111107
3 0.3915798611111111 0.6275520833333333 0.05773148148148151 0.10250000000000004
8 0.4529745370370371 0.6029340277777778 0.060856481481481595 0.10263888888888886
8 0.5120891203703704 0.5299479166666666 0.08489583333333321 0.14430555555555563
5 0.14471064814814816 0.6916840277777778 0.13210648148148146 0.2744444444444444
5 0.07815393518518518 0.05125 0.059930555555555556 0.040138888888888904
4 0.09244212962962964 0.8573958333333334 0.041296296296296296 0.04711805555555557