7 0.39140625 0.46328125 0.0359375 0.04765625
7 0.39140625 0.70625 0.0359375 0.0703125
5 0.54453125 0.3953125 0.05625 0.13125
3 0.590625 0.390625 0.05546875 0.140625
4 0.59453125 0.5078125 0.07890625 0.21015625
4 0.26015625 0.384375 0.05390625 0.08046875
4 0.653125 0.26875 0.03359375 0.05
4 0.72421875 0.31171875 0.03046875 0.04296875
1 0.3078125 0.13828125 0.0375 0.0640625
3 0.403125 0.37109375 0.05390625 0.0953125
8 0.46171875 0.39140625 0.05703125 0.09453125
8 0.51875 0.45859375 0.07890625 0.13359375
5 0.16640625 0.31953125 0.12265625 0.25546875
5 0.1125 0.93359375 0.05546875 0.03515625
4 0.1140625 0.1640625 0.03984375 0.04296875