1 0.430474537037037 0.8853009259259259 0.034479166666666575 0.05746527777777786
1 0.15313078703703703 0.24291087962962962 0.05746527777777777 0.09577546296296298
1 0.5173090277777778 0.5763599537037037 0.04298611111111121 0.08119212962962959
1 0.5386516203703704 0.8752604166666668 0.03457175925925924 0.060590277777777854
4 0.7918518518518518 0.9135127314814815 0.04611111111111103 0.08130787037037024
1 0.5856770833333333 0.9347511574074074 0.03618055555555557 0.0622106481481481
5 0.48779513888888887 0.6337962962962964 0.04832175925925917 0.10324074074074083
5 0.9394965277777778 0.549855324074074 0.05225694444444429 0.025347222222222143
3 0.4640856481481482 0.6500868055555555 0.06969907407407412 0.13993055555555553
2 0.401863425925926 0.6571469907407408 0.09681712962962977 0.1596643518518519
1 0.4259375 0.732175925925926 0.034525462962962904 0.05902777777777786
3 0.687337962962963 0.6521122685185186 0.05746527777777786 0.09577546296296298