1 0.6889062499999999 0.17255208333333333 0.04107638888888889 0.06364583333333336
1 0.842505787037037 0.8573437500000001 0.06636574074074061 0.10437500000000029
1 0.5413888888888889 0.4605208333333334 0.05219907407407405 0.08937500000000007
1 0.578761574074074 0.16364583333333332 0.04109953703703706 0.06677083333333331
4 0.3316203703703704 0.07760416666666667 0.053749999999999964 0.08791666666666667
1 0.5425347222222222 0.09479166666666666 0.04267361111111114 0.0684375
5 0.5824016203703704 0.4108854166666667 0.05861111111111121 0.11166666666666672
5 0.11188078703703704 0.40765624999999994 0.054907407407407405 0.033333333333333395
3 0.6090740740740741 0.3978125 0.08232638888888885 0.15072916666666664
2 0.672349537037037 0.4028125 0.11373842592592602 0.17468749999999994
1 0.6635474537037037 0.32484375 0.04108796296296298 0.06520833333333335
3 0.3850694444444444 0.3539583333333333 0.06636574074074071 0.10437500000000002