1 0.98125 0.39375 0.0359375 0.06875
6 0.54609375 0.43125 0.0640625 0.09140625
5 0.546875 0.39609375 0.04765625 0.1203125
1 0.91015625 0.11796875 0.03203125 0.053125
2 0.23984375 0.5984375 0.05703125 0.08515625
2 0.48046875 0.415625 0.10390625 0.096875
1 0.4828125 0.09921875 0.03515625 0.06953125
3 0.3359375 0.5453125 0.09609375 0.1625
2 0.65234375 0.30625 0.05625 0.05625
6 0.51171875 0.553125 0.0734375 0.12109375
6 0.61640625 0.4640625 0.06796875 0.09921875
6 0.60078125 0.3671875 0.0609375 0.0890625
3 0.50703125 0.42265625 0.065625 0.0703125
2 0.6703125 0.43671875 0.04765625 0.1453125
2 0.6890625 0.271875 0.0359375 0.0828125
7 0.82578125 0.28203125 0.02734375 0.04375
1 0.52109375 0.15703125 0.03515625 0.07109375
3 0.6671875 0.878125 0.04375 0.14609375
4 0.27421875 0.265625 0.04609375 0.08515625