1 0.0007118055555555544 0.49324652777777783 0.0014236111111111088 0.07711805555555565
6 0.4137210648148148 0.5739062500000001 0.09309027777777779 0.1097569444444444
5 0.4026041666666666 0.6072916666666666 0.08336805555555564 0.132951388888889
2 0.7645138888888889 0.49097222222222225 0.08322916666666665 0.10017361111111107
2 0.4738194444444444 0.6065277777777778 0.13452546296296292 0.12628472222222237
1 0.3762847222222222 0.9187847222222221 0.05717592592592595 0.07930555555555543
3 0.6544618055555556 0.5166840277777778 0.14557870370370374 0.18895833333333342
2 0.2719386574074074 0.6685243055555555 0.0739583333333333 0.071875
6 0.4844791666666667 0.4612847222222222 0.1103356481481482 0.14135416666666673
6 0.3546354166666667 0.5217534722222222 0.09818287037037035 0.11767361111111115
6 0.3408564814814815 0.6215625 0.08815972222222221 0.10496527777777782
3 0.4495081018518519 0.5926909722222222 0.0873495370370371 0.08934027777777764
2 0.2937094907407407 0.5352604166666667 0.0909143518518519 0.15809027777777782
2 0.2253298611111111 0.6925173611111111 0.06103009259259258 0.09343749999999992
7 0.09400462962962962 0.6457986111111111 0.04009259259259259 0.050833333333333286
1 0.3563310185185185 0.8510763888888888 0.05725694444444436 0.08086805555555543
3 0.4290162037037037 0.09791666666666668 0.08778935185185191 0.15802083333333333
4 0.6313368055555555 0.8118229166666667 0.07221064814814823 0.0983680555555555