6 0.552662037037037 0.58203125 0.09646990740740743 0.115625
5 0.5614293981481481 0.61953125 0.08645833333333322 0.140625
2 0.18619791666666666 0.478125 0.0867476851851852 0.10625
2 0.48504050925925923 0.61484375 0.14079861111111108 0.13125
1 0.5537326388888889 0.95390625 0.05769675925925917 0.08125
3 0.30060763888888886 0.5109375 0.15115740740740743 0.2
2 0.6947337962962964 0.690625 0.07777777777777786 0.075
6 0.49001736111111105 0.459375 0.11487268518518512 0.1484375
6 0.6225983796296296 0.52890625 0.10300925925925916 0.1234375
6 0.625636574074074 0.63671875 0.09160879629629619 0.1109375
3 0.5129050925925925 0.60078125 0.09247685185185191 0.0921875
2 0.6868344907407408 0.5453125 0.09369212962962958 0.1671875
2 0.7413483796296296 0.71875 0.06302083333333322 0.0984375
7 0.8875578703703704 0.6734375 0.04265046296296297 0.0546875
1 0.5828993055555556 0.88359375 0.0578125 0.084375
3 0.5901041666666667 0.07734375 0.08854166666666678 0.1546875
4 0.2927372685185185 0.82890625 0.07413194444444446 0.103125