1 0.6085648148148148 0.32178240740740743 0.0744212962962962 0.1114583333333334
1 0.12447916666666665 0.37368055555555557 0.06741898148148148 0.09109953703703706
1 0.6999710648148147 0.40685763888888893 0.07123842592592596 0.10987268518518505
5 0.4366319444444445 0.5963657407407407 0.06070601851851851 0.12072916666666664
1 0.6050347222222222 0.7546875 0.0546875 0.0847569444444444
4 0.2545138888888889 0.512962962962963 0.06643518518518521 0.10671296296296298
1 0.4579861111111111 0.6316898148148148 0.04832175925925917 0.08158564814814824
1 0.576244212962963 0.7935474537037037 0.05347222222222214 0.09412037037037049
1 0.25622106481481477 0.8466608796296295 0.05306712962962958 0.08318287037037067
3 0.3636284722222222 0.8583969907407407 0.06498842592592595 0.10982638888888871
3 0.44178240740740743 0.8581944444444446 0.049710648148148094 0.07690972222222214