1 0.4602141203703704 0.6570370370370371 0.070451388888889 0.10828703703703706
1 0.9323263888888889 0.5652199074074075 0.06299768518518505 0.08792824074074072
1 0.3556770833333333 0.5812152777777777 0.06723379629629633 0.10670138888888889
5 0.5855034722222221 0.37082754629629633 0.055474537037036954 0.11910879629629631
1 0.39251736111111113 0.226880787037037 0.05168981481481474 0.08159722222222224
4 0.7801562499999999 0.4373842592592593 0.062453703703703664 0.10510416666666664
1 0.5585127314814815 0.33741898148148153 0.04534722222222225 0.07998842592592599
1 0.4150636574074074 0.18528935185185186 0.04921296296296305 0.09251157407407407
1 0.7229803240740742 0.10563078703703703 0.04856481481481474 0.08157407407407406
3 0.6142476851851851 0.10409143518518518 0.060983796296296335 0.1066550925925926
3 0.5380555555555555 0.11090856481481481 0.04663194444444443 0.07531249999999998