2 0.6403703703703704 0.3358680555555556 0.10034722222222214 0.1214930555555556
2 0.7334606481481482 0.58109375 0.07861111111111115 0.1252083333333335
2 0.3033159722222222 0.04625 0.1535069444444444 0.07236111111111113
2 0.5003472222222222 0.45526041666666667 0.11240740740740733 0.21253472222222225
2 0.3138425925925926 0.6911805555555556 0.09140046296296296 0.18819444444444447
2 0.39254050925925926 0.6876562500000001 0.11932870370370363 0.1301388888888889
2 0.4893113425925925 0.7411111111111112 0.1255902777777777 0.1834722222222222
2 0.4568055555555556 0.5656770833333333 0.10425925925925927 0.14819444444444443
5 0.508912037037037 0.6389930555555555 0.0871180555555556 0.14899305555555564
3 0.5065277777777778 0.6638541666666666 0.03618055555555557 0.06246527777777775
4 0.9764467592592592 0.8314236111111111 0.047106481481481666 0.11913194444444457