2 0.37549768518518517 0.6609895833333332 0.10010416666666666 0.11395833333333343
2 0.3166377314814815 0.4329050925925926 0.0798379629629629 0.11678240740740745
2 0.6454050925925926 0.9461168981481481 0.15444444444444444 0.09133101851851855
2 0.5169618055555556 0.5573090277777778 0.11693287037037034 0.19543981481481473
2 0.7123900462962963 0.351244212962963 0.0962731481481482 0.17170138888888892
2 0.6404803240740741 0.3499652777777778 0.11743055555555557 0.123587962962963
2 0.5576620370370371 0.2980555555555555 0.12596064814814803 0.17214120370370373
2 0.5686400462962963 0.45886574074074077 0.10359953703703706 0.1390046296296296
5 0.5285474537037037 0.38991319444444444 0.08953703703703705 0.13879629629629636
3 0.5344733796296296 0.3679456018518518 0.036793981481481455 0.05834490740740748
4 0.10599537037037036 0.1922222222222222 0.07825231481481483 0.11519675925925928