1 0.5361574074074074 0.7315393518518518 0.07827546296296291 0.11675925925925927
1 0.10347222222222223 0.5055497685185186 0.07011574074074076 0.09320601851851862
1 0.6548206018518519 0.686412037037037 0.07510416666666657 0.11358796296296295
1 0.7030902777777778 0.3292361111111111 0.059085648148148096 0.08679398148148146
5 0.48307870370370376 0.41115162037037034 0.06745370370370374 0.12440972222222228
4 0.27967592592592594 0.4268923611111111 0.07193287037037041 0.11041666666666661
1 0.518605324074074 0.3866724537037037 0.05118055555555543 0.0804282407407408
1 0.6873553240740741 0.28368055555555555 0.0639120370370371 0.09623842592592595
3 0.5874131944444445 0.1728009259259259 0.055891203703703596 0.08206018518518521
3 0.5175405092592593 0.14207175925925924 0.08489583333333339 0.14185185185185184
1 0.4108564814814815 0.11704861111111112 0.05913194444444443 0.0899189814814815