1 0.46661458333333333 0.3281365740740741 0.06961805555555553 0.11136574074074072
1 0.911875 0.4929513888888889 0.06291666666666665 0.09086805555555558
1 0.3536458333333333 0.3876967592592593 0.06802083333333328 0.10975694444444448
1 0.33480902777777777 0.7434895833333334 0.05184027777777782 0.0842939814814816
5 0.5441319444444445 0.6342303240740741 0.057361111111111106 0.12193287037037023
4 0.7449305555555557 0.5923668981481482 0.06326388888888879 0.10649305555555558
1 0.5114756944444444 0.6633043981481481 0.045451388888889 0.07785879629629626
1 0.35336805555555556 0.7866608796296297 0.05673611111111114 0.09380787037037042
3 0.46057291666666667 0.881076388888889 0.05017361111111107 0.07956018518518526
3 0.5319270833333333 0.9023842592592594 0.07333333333333343 0.13802083333333356
1 0.6386284722222222 0.9140567129629631 0.05347222222222214 0.08746527777777757