1 0.48359375 0.56015625 0.04296875 0.0796875
1 0.48828125 0.70703125 0.04765625 0.08671875
1 0.8859375 0.48203125 0.04140625 0.07578125
1 0.8265625 0.1734375 0.03359375 0.05703125
3 0.5765625 0.30390625 0.0640625 0.10859375
5 0.54375 0.3984375 0.04921875 0.121875
1 0.98125 0.21015625 0.0328125 0.059375
3 0.74609375 0.15703125 0.02421875 0.07578125
2 0.175 0.6234375 0.0703125 0.0953125
1 0.37421875 0.153125 0.04140625 0.07578125
2 0.51953125 0.4765625 0.065625 0.12421875
1 0.40859375 0.21484375 0.0421875 0.07421875
4 0.13984375 0.33359375 0.06015625 0.09296875
1 0.98125 0.1546875 0.0375 0.05625