1 0.5049421296296297 0.4450520833333334 0.060405092592592524 0.08921296296296291
1 0.5318402777777778 0.29910300925925926 0.06537037037037034 0.09872685185185182
1 0.9007928240740739 0.6066493055555556 0.05714120370370353 0.08443287037037024
1 0.7956192129629629 0.903269675925926 0.045648148148148236 0.06535879629629626
3 0.5615046296296297 0.7207060185185185 0.0879398148148148 0.12281249999999985
5 0.5421122685185186 0.6194386574074073 0.07576388888888878 0.13337962962962954
1 0.9538888888888888 0.8970312499999998 0.03939814814814824 0.06517361111111128
3 0.7112905092592593 0.9023321759259261 0.03990740740740737 0.08236111111111129
2 0.20220486111111108 0.3174363425925926 0.0906944444444445 0.11040509259259253
1 0.33446180555555555 0.8295023148148148 0.0571412037037037 0.08443287037037024
2 0.5294791666666667 0.5355439814814815 0.09152777777777779 0.13853009259259252
1 0.3781076388888889 0.7745949074074074 0.0587037037037037 0.08447916666666658
4 0.12395833333333332 0.6008043981481481 0.07961805555555554 0.10539351851851855
1 0.9453761574074073 0.952199074074074 0.0409143518518519 0.06365740740740762