1 0.5056944444444444 0.4675231481481482 0.04771990740740737 0.08359953703703696
1 0.5100462962962963 0.3206481481481481 0.05263888888888886 0.09165509259259261
1 0.0983275462962963 0.5105613425925926 0.0460185185185185 0.07883101851851855
1 0.1383564814814815 0.8232696759259259 0.037650462962963 0.05967592592592581
3 0.3958738425925926 0.7145601851851853 0.07047453703703699 0.11442129629629641
5 0.43456597222222226 0.6234548611111111 0.056782407407407476 0.1261921296296297
1 0.0015046296296296307 0.7733043981481481 0.0030092592592592614 0.06223379629629626
3 0.21746527777777777 0.8469328703703702 0.028831018518518547 0.07793981481481467
2 0.8174016203703705 0.43126157407407406 0.07635416666666686 0.10224537037037038
1 0.5880729166666667 0.8825810185185186 0.04601851851851855 0.07883101851851855
2 0.4642013888888889 0.5475289351851852 0.07406249999999996 0.1302083333333334
1 0.5578935185185185 0.8184201388888889 0.047534722222222214 0.07734953703703695
4 0.8337905092592592 0.7231828703703703 0.0668865740740742 0.09863425925925924
1 0.0014525462962962977 0.8280324074074074 0.0029050925925925954 0.05918981481481467