2 0.3044618055555556 0.6881423611111112 0.10670138888888889 0.11637731481481488
2 0.2532986111111111 0.45109953703703703 0.0864583333333333 0.1177893518518518
5 0.47854166666666664 0.40881944444444446 0.08982638888888879 0.1584259259259259
2 0.5794965277777777 0.9664814814814815 0.15100694444444435 0.05891203703703703
2 0.4529166666666667 0.5636458333333334 0.12802083333333325 0.1743287037037037
2 0.5991666666666667 0.36575231481481485 0.09364583333333343 0.10378472222222221
3 0.48203125 0.3830208333333333 0.046666666666666676 0.06594907407407416
2 0.5172743055555555 0.4686689814814814 0.10489583333333333 0.1460416666666667
2 0.6722048611111111 0.3566203703703704 0.1027430555555556 0.16789351851851855
2 0.5158333333333334 0.3077951388888889 0.1425694444444444 0.18537037037037046
4 0.05744791666666667 0.20107060185185185 0.05131944444444445 0.10034722222222223