5 0.47938657407407403 0.6118113425925926 0.08158564814814824 0.14130787037037038
1 0.7365219907407408 0.7027256944444444 0.05756944444444443 0.07775462962962969
1 0.5877893518518519 0.9512673611111111 0.04423611111111114 0.06304398148148138
1 0.6485648148148149 0.9912210648148149 0.043773148148148165 0.01755787037037031
2 0.5327951388888889 0.596556712962963 0.09158564814814821 0.0997685185185185
1 0.24334490740740744 0.5219907407407407 0.06309027777777772 0.09206018518518526
2 0.7776851851851851 0.3122511574074074 0.14877314814814824 0.1447916666666666
1 0.1807638888888889 0.5994618055555556 0.0595949074074074 0.0856481481481481
3 0.250462962962963 0.2167361111111111 0.14050925925925925 0.16305555555555556
1 0.41671296296296295 0.056087962962962964 0.09157407407407411 0.07328703703703703
1 0.924398148148148 0.6928761574074074 0.05665509259259238 0.08861111111111111
1 0.9115914351851853 0.7635243055555556 0.0464467592592591 0.07406250000000014