5 0.46667245370370375 0.42000578703703706 0.06561342592592592 0.12339120370370367
1 0.5134201388888889 0.16453125000000002 0.04715277777777782 0.06789351851851855
2 0.5405439814814815 0.23684027777777777 0.10292824074074076 0.15181712962962965
2 0.4727372685185186 0.6571817129629629 0.0920370370370371 0.0920370370370371
2 0.46955439814814814 0.2051099537037037 0.07935185185185176 0.11787037037037038
2 0.4307291666666666 0.16258101851851853 0.08018518518518505 0.10388888888888888
2 0.3490740740740741 0.15055555555555555 0.06159722222222221 0.10604166666666667
2 0.3860821759259259 0.09793402777777778 0.03934027777777773 0.06748842592592594
2 0.33789930555555553 0.08530671296296297 0.038124999999999964 0.044050925925925924
1 0.3714988425925926 0.13223958333333333 0.04583333333333339 0.07249999999999997
1 0.405625 0.0841435185185185 0.04197916666666668 0.05827546296296297