5 0.4252025462962963 0.6341145833333333 0.07444444444444454 0.1408333333333333
1 0.5741261574074074 0.8949479166666666 0.05210648148148138 0.07687500000000007
2 0.5755150462962962 0.8129687499999999 0.11530092592592603 0.17479166666666685
2 0.34108796296296295 0.3822916666666667 0.10075231481481488 0.10822916666666664
2 0.5118518518518519 0.8603125 0.0884606481481482 0.13552083333333337
2 0.48722222222222217 0.9141666666666666 0.08989583333333329 0.11843750000000028
2 0.40493055555555557 0.9415104166666666 0.06805555555555554 0.11697916666666686
2 0.4639756944444445 0.9770833333333332 0.04429398148148138 0.04583333333333357
2 0.41695023148148147 0.9946875000000001 0.042465277777777824 0.01062499999999993
1 0.4353067129629629 0.9583854166666665 0.050578703703703806 0.08145833333333315
1 0.48969907407407404 0.9845312500000001 0.04733796296296298 0.03093749999999993