1 0.5646527777777778 0.3074074074074074 0.06253472222222226 0.10667824074074073
1 0.08185763888888889 0.42652777777777773 0.05687500000000001 0.08476851851851848
1 0.6684201388888888 0.3816377314814815 0.05770833333333343 0.10351851851851848
5 0.42713541666666666 0.6057060185185186 0.045902777777777716 0.11905092592592599
1 0.6188194444444445 0.7415451388888888 0.045798611111111144 0.08156250000000007
4 0.23204861111111114 0.5464293981481482 0.056076388888888926 0.1019444444444444
1 0.4538020833333333 0.6387268518518519 0.03784722222222214 0.07837962962962966
1 0.5924826388888889 0.7890219907407408 0.04750000000000014 0.08469907407407398
1 0.2771006944444444 0.88671875 0.0436805555555555 0.06905092592592581
3 0.3982118055555556 0.8344733796296296 0.060416666666666605 0.09416666666666665
3 0.4684201388888889 0.8725057870370371 0.0421180555555555 0.06903935185185191