1 0.5742476851851851 0.61140625 0.061736111111111214 0.11052083333333336
1 0.09279513888888889 0.4999479166666667 0.055335648148148155 0.08993055555555571
1 0.6838657407407407 0.5338541666666666 0.05702546296296305 0.10718749999999985
5 0.4524537037037037 0.31124999999999997 0.044641203703703704 0.12225694444444439
1 0.6538194444444445 0.17022569444444444 0.044351851851851976 0.08319444444444443
4 0.2505150462962963 0.3749305555555556 0.05546296296296296 0.10711805555555554
1 0.4803356481481481 0.2771875 0.036527777777777715 0.08128472222222224
1 0.6292361111111111 0.12208333333333332 0.04437499999999996 0.08631944444444448
1 0.3159490740740741 0.03290798611111111 0.04270833333333339 0.06581597222222221
3 0.43589120370370366 0.07987847222222222 0.060092592592592455 0.0995138888888889
3 0.509056712962963 0.03989583333333334 0.041145833333333395 0.07211805555555556