1 0.40842592592592586 0.4019386574074074 0.043321759259259275 0.07874999999999996
1 0.017983217592592592 0.301875 0.035966435185185185 0.08006944444444439
1 0.09349537037037037 0.022048611111111113 0.03488425925925927 0.03615740740740741
1 0.5614756944444445 0.04553240740740741 0.04108796296296298 0.03335648148148148
5 0.4504108796296296 0.3650231481481481 0.05355324074074073 0.1370486111111111
2 0.35379050925925926 0.44836226851851857 0.05716435185185187 0.1700231481481481
3 0.4487905092592593 0.26329861111111114 0.050104166666666575 0.11501157407407411
7 0.6788368055555555 0.5676388888888889 0.054328703703703594 0.08400462962962969
4 0.7897222222222222 0.2074826388888889 0.05598379629629626 0.09033564814814818
1 0.5171585648148148 0.0815451388888889 0.04171296296296294 0.07554398148148149
3 0.043287037037037034 0.03351851851851852 0.06030092592592593 0.0655787037037037