1 0.5921875 0.3989814814814815 0.0546875 0.0809606481481481
1 0.946875 0.2344965277777778 0.05 0.08228009259259253
1 0.8234375 0.004999999999999999 0.04375 0.009999999999999998
1 0.38359375 0.0769849537037037 0.053125 0.07931712962962963
5 0.546875 0.3724247685185185 0.0734375 0.1381828703703704
2 0.6515625 0.4326215277777778 0.08125 0.16827546296296295
3 0.53046875 0.27640046296296295 0.065625 0.11590277777777783
7 0.36328125 0.6022569444444444 0.065625 0.08934027777777764
4 0.1984375 0.2889293981481481 0.0671875 0.09567129629629623
1 0.434375 0.12122685185185185 0.0515625 0.0792361111111111
3 0.8734375 0.012621527777777775 0.06875 0.02524305555555555