5 0.4956828703703704 0.6506134259259259 0.07519675925925924 0.11983796296296312
1 0.5617071759259259 0.7293402777777779 0.05428240740740744 0.07891203703703695
2 0.18403935185185186 0.3965798611111111 0.08604166666666666 0.11375000000000002
2 0.36538194444444444 0.29465277777777776 0.12370370370370373 0.12524305555555557
1 0.8210763888888888 0.8833449074074075 0.04791666666666643 0.07100694444444429
2 0.19837962962962963 0.5206134259259259 0.07809027777777774 0.10425925925925927
1 0.5613078703703703 0.966116898148148 0.053888888888888785 0.05234953703703695
2 0.46138310185185183 0.49796296296296294 0.07170138888888893 0.09479166666666679
2 0.4260011574074074 0.5359953703703704 0.09653935185185195 0.0842245370370371
2 0.5132465277777778 0.5175115740740741 0.07137731481481495 0.0729166666666666
3 0.36391203703703706 0.30092592592592593 0.08387731481481486 0.07310185185185185
3 0.33330439814814816 0.7139699074074074 0.06414351851851849 0.11186342592592595
2 0.5253530092592593 0.9127314814814815 0.05559027777777779 0.06174768518518512