5 0.5046875 0.38125 0.0515625 0.103125
1 0.57734375 0.31875 0.0375 0.0671875
2 0.18046875 0.56875 0.0625 0.0953125
2 0.33125 0.6890625 0.0984375 0.09921875
1 0.8390625 0.215625 0.034375 0.0609375
2 0.21171875 0.45703125 0.0578125 0.0875
1 0.61484375 0.0890625 0.03828125 0.0671875
2 0.45078125 0.51640625 0.053125 0.07890625
2 0.4234375 0.4765625 0.0796875 0.0640625
2 0.50078125 0.50625 0.05625 0.0578125
3 0.33203125 0.68359375 0.06796875 0.05625
3 0.36484375 0.29921875 0.04140625 0.0984375
2 0.5703125 0.14453125 0.04375 0.04921875