5 0.5319270833333334 0.39640624999999996 0.07614583333333336 0.11246527777777775
1 0.46375 0.32156250000000003 0.05333333333333332 0.07451388888888885
2 0.8432291666666666 0.6428125 0.08520833333333329 0.10798611111111107
2 0.679375 0.7359027777777778 0.12177083333333343 0.11815972222222229
1 0.20791666666666667 0.17 0.04822916666666668 0.06815972222222219
2 0.8213541666666668 0.5253125 0.07833333333333314 0.09847222222222225
1 0.44718749999999996 0.0848263888888889 0.054895833333333324 0.07454861111111111
2 0.5743750000000001 0.5416666666666666 0.07302083333333335 0.0889930555555555
2 0.6047916666666666 0.5064583333333333 0.09416666666666665 0.07854166666666665
2 0.5239583333333333 0.5226041666666668 0.07010416666666668 0.06864583333333343
3 0.6790104166666666 0.7304340277777778 0.08104166666666668 0.068888888888889
3 0.6818229166666667 0.3396701388888889 0.06479166666666672 0.10597222222222218
2 0.48651041666666667 0.1481076388888889 0.055312499999999966 0.057395833333333354