5 0.4760416666666667 0.6098842592592593 0.0890625 0.14534722222222207
1 0.93625 0.8152835648148148 0.014166666666666572 0.04908564814814831
1 0.88515625 0.822980324074074 0.05302083333333343 0.07162037037037053
1 0.8847916666666666 0.5833275462962962 0.07385416666666664 0.10398148148148145
4 0.7359895833333333 0.8777314814814815 0.053125 0.04983796296296319
2 0.4021875 0.4570717592592592 0.12114583333333329 0.15969907407407397
2 0.57875 0.4349363425925926 0.1732291666666665 0.17056712962962967
2 0.4987500000000001 0.6427777777777777 0.16083333333333344 0.1480439814814815
3 0.21593749999999998 0.5895023148148149 0.1934375 0.2402430555555556
4 0.179375 0.6476967592592593 0.08385416666666665 0.13725694444444442
4 0.10046875000000002 0.7107349537037037 0.11124999999999999 0.127986111111111