3 0.6147511574074074 0.35083333333333333 0.12759259259259254 0.1833333333333333
3 0.7473784722222222 0.24182291666666664 0.06076388888888893 0.09770833333333329
3 0.5416898148148148 0.5293749999999999 0.08582175925925917 0.20864583333333328
3 0.4245023148148149 0.41619791666666667 0.11761574074074073 0.14208333333333326
2 0.300462962962963 0.36734374999999997 0.1270138888888889 0.1442708333333333
2 0.4688310185185186 0.5635416666666666 0.0847337962962964 0.1352083333333333
2 0.5941145833333333 0.5383333333333333 0.07298611111111111 0.07979166666666657
4 0.2218402777777778 0.3285416666666666 0.07188657407407409 0.1109375
4 0.3112384259259259 0.35713541666666665 0.06719907407407408 0.11062499999999993
4 0.12105324074074073 0.37411458333333336 0.08126157407407408 0.11156249999999997
1 0.8621354166666666 0.1909375 0.0654050925925926 0.09489583333333332