5 0.503125 0.3875 0.06015625 0.1328125
2 0.43671875 0.50625 0.07109375 0.184375
2 0.37421875 0.34296875 0.065625 0.0890625
2 0.41796875 0.28984375 0.071875 0.07265625
2 0.30234375 0.31953125 0.0640625 0.10234375
2 0.3578125 0.2828125 0.0671875 0.08359375
3 0.34609375 0.16640625 0.09296875 0.15078125
4 0.209375 0.1421875 0.0625 0.10234375
4 0.1390625 0.11171875 0.0484375 0.0890625
4 0.03828125 0.1359375 0.0578125 0.0875
1 0.73984375 0.0625 0.03359375 0.0796875
3 0.546875 0.040625 0.0625 0.08125
5 0.7625 0.0078125 0.0515625 0.01484375