1 0.775 0.12578125 0.03828125 0.06640625
5 0.50078125 0.39609375 0.04921875 0.1296875
1 0.94765625 0.40546875 0.05 0.0890625
1 0.67578125 0.31796875 0.0421875 0.08203125
2 0.20234375 0.43984375 0.146875 0.16953125
3 0.03984375 0.6265625 0.0796875 0.21484375
3 0.02265625 0.496875 0.0453125 0.096875
3 0.31796875 0.26640625 0.1125 0.1640625
1 0.67109375 0.08359375 0.03359375 0.0859375
1 0.73359375 0.07109375 0.03515625 0.084375
4 0.53671875 0.0609375 0.04140625 0.090625
3 0.54375 0.33515625 0.071875 0.13671875