5 0.4764351851851852 0.41328125 0.0833333333333334 0.140625
1 0.04243634259259259 0.175 0.05596064814814814 0.0859375
1 0.06877314814814814 0.4234375 0.06869212962962963 0.1015625
4 0.18290509259259258 0.11171875 0.06386574074074076 0.0921875
2 0.5654571759259259 0.56875 0.11479166666666671 0.1546875
2 0.3891145833333334 0.58359375 0.16646990740740736 0.1625
2 0.45013310185185185 0.378125 0.15520833333333323 0.140625
3 0.7401793981481481 0.44453125 0.184675925925926 0.23125
4 0.7705844907407406 0.3875 0.0801157407407409 0.134375
4 0.8446932870370369 0.32734375 0.10649305555555558 0.121875
4 0.9707523148148148 0.34609375 0.05175925925925924 0.11875