2 0.5500462962962963 0.3828472222222222 0.12468749999999992 0.17606481481481479
2 0.24339699074074073 0.24405671296296294 0.061701388888888875 0.10673611111111114
2 0.1635127314814815 0.27534143518518517 0.07093750000000001 0.0885416666666667
2 0.1388310185185185 0.23385416666666664 0.07081018518518518 0.07135416666666669
2 0.1936400462962963 0.21420717592592592 0.06453703703703706 0.06785879629629629
3 0.1984375 0.09366319444444446 0.08554398148148153 0.1628125
3 0.12643518518518518 0.1151099537037037 0.11351851851851853 0.14416666666666664
3 0.35469328703703706 0.8215798611111111 0.049537037037037025 0.15130787037037016
5 0.5058506944444445 0.3401736111111111 0.06828703703703702 0.15241898148148145
4 0.5617766203703705 0.06432291666666667 0.06489583333333329 0.1162962962962963
4 0.47136574074074067 0.042158564814814815 0.045937500000000145 0.08431712962962963
4 0.3899652777777778 0.06591435185185186 0.04599537037037038 0.09487268518518518