5 0.5338541666666666 0.3984548611111111 0.07871527777777772 0.14701388888888883
2 0.4535474537037037 0.5130381944444444 0.09671296296296301 0.20208333333333323
2 0.4048263888888889 0.33467013888888886 0.07960648148148142 0.10173611111111107
2 0.4556597222222223 0.2865972222222222 0.08403935185185177 0.08465277777777783
2 0.33091435185185186 0.3010069444444444 0.07979166666666666 0.11423611111111107
2 0.3921585648148148 0.27034722222222224 0.07951388888888893 0.09548611111111108
3 0.3911458333333333 0.14927083333333332 0.11497685185185187 0.16968750000000005
4 0.2522627314814815 0.10557291666666666 0.07825231481481473 0.11576388888888892
4 0.1821412037037037 0.06418402777777778 0.06239583333333334 0.09979166666666665
4 0.07454861111111111 0.07663194444444445 0.07018518518518517 0.09840277777777777
1 0.8104861111111111 0.09298611111111112 0.043460648148148096 0.08687500000000001
3 0.6107696759259259 0.05496527777777778 0.07135416666666679 0.071875