2 0.45625 0.43359375 0.1109375 0.15546875
2 0.75859375 0.2984375 0.05390625 0.09609375
2 0.83359375 0.328125 0.0625 0.07734375
2 0.859375 0.28828125 0.06484375 0.0609375
2 0.8078125 0.26953125 0.05859375 0.0578125
3 0.8109375 0.1546875 0.07265625 0.14765625
3 0.87890625 0.17421875 0.1015625 0.12578125
3 0.61796875 0.85234375 0.0390625 0.140625
5 0.50078125 0.39296875 0.05703125 0.13984375
4 0.46328125 0.12890625 0.05546875 0.10546875
4 0.5515625 0.10625 0.03984375 0.07890625
4 0.628125 0.12890625 0.03828125 0.08671875