3 0.51015625 0.48984375 0.06484375 0.1453125
5 0.50078125 0.39453125 0.0625 0.13203125
1 0.65625 0.46796875 0.04921875 0.0953125
1 0.72578125 0.165625 0.03671875 0.07109375
1 0.76796875 0.23828125 0.0421875 0.07109375
1 0.95546875 0.57421875 0.0546875 0.09921875
1 0.653125 0.19375 0.04453125 0.0890625
4 0.50859375 0.15390625 0.0546875 0.096875
4 0.6578125 0.03515625 0.046875 0.0703125
3 0.30078125 0.48125 0.10546875 0.2109375
3 0.04296875 0.5796875 0.0859375 0.234375
2 0.15 0.6234375 0.11875 0.23203125