5 0.5225520833333333 0.6375 0.08135416666666657 0.1453125
4 0.3544791666666667 0.99375 0.04715277777777782 0.0125
1 0.20225694444444448 0.98828125 0.04583333333333339 0.0234375
1 0.9168402777777779 0.578125 0.06947916666666672 0.103125
4 0.8168576388888888 0.5421875 0.08909722222222208 0.1421875
3 0.6954340277777777 0.4515625 0.1834722222222222 0.240625
3 0.5507986111111112 0.45625 0.09909722222222221 0.1703125
3 0.45194444444444437 0.72109375 0.13107638888888892 0.203125
2 0.3801388888888889 0.50703125 0.15340277777777783 0.153125
3 0.9440104166666667 0.1640625 0.042152777777777574 0.1390625
1 0.13352430555555556 0.7765625 0.08059027777777779 0.1109375