3 0.6601041666666667 0.6160706018518518 0.13417824074074075 0.18634259259259256
3 0.8355844907407407 0.6783217592592592 0.06479166666666672 0.09938657407407411
3 0.5175810185185185 0.46738425925925925 0.090625 0.21225694444444443
3 0.4452256944444445 0.6145659722222222 0.1229166666666666 0.14243055555555556
2 0.3427372685185185 0.70203125 0.1338657407407407 0.14415509259259257
2 0.43079282407407404 0.4592939814814815 0.08850694444444454 0.13723379629629626
2 0.5666203703703704 0.4424363425925926 0.07557870370370363 0.0792361111111111
4 0.2791261574074074 0.763917824074074 0.07425925925925929 0.11202546296296312
4 0.3560590277777778 0.7073032407407407 0.0711342592592592 0.11197916666666678
4 0.1610648148148148 0.7531655092592593 0.08519675925925925 0.1121875000000001
1 0.9668865740740742 0.6904166666666667 0.06622685185185162 0.09633101851851862