1 0.7078125 0.23984375 0.040625 0.09609375
1 0.9578125 0.31171875 0.0515625 0.10390625
1 0.79375 0.06875 0.0453125 0.0625
1 0.6921875 0.0375 0.0359375 0.07421875
4 0.5703125 0.02578125 0.05625 0.0515625
5 0.50078125 0.4015625 0.06953125 0.1515625
4 0.0828125 0.35 0.07265625 0.09375
4 0.0203125 0.31796875 0.040625 0.08671875
2 0.17890625 0.5875 0.0765625 0.13671875
2 0.26328125 0.61875 0.06953125 0.13046875
2 0.3078125 0.553125 0.078125 0.10625
2 0.24609375 0.53046875 0.0875 0.08828125
2 0.41953125 0.48828125 0.0796875 0.08984375
3 0.353125 0.35546875 0.0828125 0.17421875
3 0.3671875 0.63515625 0.0609375 0.2
5 0.73203125 0.0109375 0.0578125 0.021875