3 0.48217592592592595 0.5775810185185184 0.16181712962962963 0.272650462962963
5 0.45511574074074074 0.6107812499999999 0.09312500000000004 0.1700925925925926
3 0.1431886574074074 0.7257175925925926 0.14130787037037038 0.15362268518518504
2 0.11497685185185187 0.5729224537037038 0.073587962962963 0.11668981481481495
2 0.04768229166666667 0.5289467592592592 0.09536458333333334 0.11545138888888892
2 0.06614583333333332 0.5987673611111111 0.08560185185185185 0.08406249999999993
2 0.028888888888888888 0.5754861111111111 0.057777777777777775 0.09159722222222229
4 0.2227314814814815 0.7894097222222222 0.060833333333333336 0.09931712962962962
4 0.29777199074074073 0.8405324074074073 0.05584490740740744 0.07893518518518547
4 0.39012152777777775 0.8309606481481481 0.08937499999999998 0.12785879629629626
4 0.9646296296296295 0.39796875 0.061203703703703385 0.12431712962962962