3 0.4853298611111111 0.5413483796296297 0.09021990740740726 0.1609375
5 0.483275462962963 0.6390625 0.08657407407407405 0.14675925925925917
1 0.6367766203703704 0.5500868055555556 0.06631944444444429 0.10543981481481488
1 0.7349826388888889 0.8557002314814814 0.04976851851851869 0.07986111111111108
1 0.771556712962963 0.7764756944444444 0.05601851851851851 0.08009259259259274
1 0.9351851851851851 0.4140625 0.07274305555555571 0.11035879629629637
1 0.6583622685185185 0.833304398148148 0.059837962962962975 0.09895833333333356
4 0.5132523148148149 0.8858217592592592 0.07268518518518512 0.1087962962962962
4 0.6763599537037036 0.9771412037037038 0.055034722222222145 0.04571759259259238
3 0.269994212962963 0.5677951388888889 0.14288194444444446 0.23466435185185192
3 0.03003472222222222 0.48651620370370374 0.06006944444444444 0.25115740740740744
2 0.10202546296296296 0.43483796296296295 0.1609375 0.25873842592592594