1 0.2809895833333333 0.7819328703703704 0.044490740740740796 0.10129629629629626
1 0.02536747685185185 0.6945833333333333 0.0507349537037037 0.11099537037037024
1 0.1875 0.9549826388888889 0.04893518518518523 0.06862268518518526
1 0.29202546296296295 0.9768113425925925 0.03788194444444448 0.046377314814814954
4 0.4177083333333333 0.9906221064814815 0.0595949074074074 0.018755787037036953
5 0.5001793981481482 0.6235474537037037 0.07616898148148152 0.1600347222222222
4 0.9317534722222222 0.6980671296296296 0.07729166666666672 0.10070601851851854
4 0.9838368055555555 0.7347743055555556 0.017858796296296477 0.0911342592592593
2 0.83828125 0.44680555555555557 0.08387731481481495 0.1462037037037037
2 0.7518113425925925 0.41064236111111113 0.07601851851851862 0.13972222222222222
2 0.7036574074074075 0.47641782407407407 0.08363425925925938 0.1133912037037037
2 0.7675405092592593 0.5025347222222223 0.09288194444444428 0.09648148148148153
2 0.5867708333333332 0.5378125 0.08508101851851854 0.09781250000000004
3 0.6513657407407407 0.6788194444444444 0.09041666666666667 0.18545138888888885
3 0.6449247685185184 0.3879398148148148 0.06873842592592609 0.21136574074074072