1 0.6239409722222222 0.2576736111111111 0.06891203703703716 0.11482638888888896
1 0.9055324074074074 0.289230324074074 0.08329861111111114 0.12659722222222225
1 0.6772685185185185 0.06909143518518518 0.0642129629629629 0.0615162037037037
1 0.564056712962963 0.06003472222222221 0.05626157407407408 0.056365740740740744
4 0.43188657407407405 0.05689814814814814 0.0737268518518519 0.06675925925925925
5 0.43765625 0.4696817129629629 0.11616898148148139 0.18313657407407397
4 0.01626736111111111 0.4880613425925926 0.03253472222222222 0.11362268518518519
2 0.13575810185185183 0.7272743055555555 0.11887731481481482 0.1692592592592593
2 0.23148148148148148 0.74546875 0.11087962962962958 0.16254629629629633
2 0.26511574074074074 0.6668518518518518 0.11170138888888888 0.1376388888888888
2 0.19427662037037036 0.6540451388888888 0.1174421296296296 0.12082175925925931
2 0.36947916666666664 0.5783391203703704 0.10962962962962966 0.12035879629629634
3 0.27162037037037035 0.44732060185185185 0.13575231481481484 0.21237268518518526
3 0.34575231481481483 0.7451967592592593 0.11921296296296298 0.23322916666666665