1 0.6592013888888889 0.9618605324074074 0.05567129629629619 0.07627893518518505
5 0.4333912037037037 0.6321064814814814 0.0809606481481481 0.1447916666666668
1 0.901880787037037 0.6953587962962964 0.0731481481481481 0.10253472222222229
1 0.5987847222222222 0.7432696759259259 0.06475694444444446 0.09460648148148146
2 0.13223379629629628 0.5377025462962963 0.19618055555555552 0.20424768518518518
3 0.03517071759259259 0.3170775462962963 0.07034143518518518 0.2339930555555556
3 0.21278935185185183 0.7383333333333333 0.1578703703703704 0.19275462962962955
1 0.5409143518518519 0.970769675925926 0.051851851851851906 0.058460648148147956
1 0.6056712962962962 0.9829745370370372 0.050115740740740655 0.034050925925925665
4 0.3978877314814815 0.9704745370370371 0.05642361111111107 0.05905092592592567
3 0.4641203703703704 0.702951388888889 0.10833333333333321 0.15612268518518527