3 0.5222800925925926 0.49204282407407407 0.08266203703703709 0.15370370370370381
5 0.5178472222222222 0.39515625 0.07912037037037045 0.13961805555555556
1 0.6712210648148147 0.4837731481481481 0.060821759259259166 0.10199074074074073
1 0.7599884259259259 0.18449652777777778 0.04440972222222221 0.07531249999999998
1 0.7989988425925926 0.26211226851851854 0.050706018518518546 0.07692129629629632
1 0.9676967592592594 0.621105324074074 0.06460648148148138 0.10516203703703705
1 0.6848784722222222 0.2065914351851852 0.05590277777777786 0.09414351851851847
4 0.5403125 0.15162615740740742 0.0671180555555555 0.10359953703703706
4 0.6990219907407408 0.05126157407407408 0.053460648148148236 0.06444444444444444
3 0.30975115740740744 0.46313078703703703 0.1316203703703703 0.22436342592592595
3 0.056574074074074075 0.5385821759259259 0.08851851851851851 0.24591435185185198
2 0.14877314814814815 0.5923784722222223 0.14789351851851854 0.2463541666666668