5 0.5136689814814815 0.33892939814814815 0.09017361111111111 0.1552777777777778
2 0.557974537037037 0.47218171296296296 0.11245370370370367 0.21126157407407398
2 0.6567881944444445 0.31014467592592593 0.08671296296296305 0.10978009259259255
2 0.6221064814814815 0.24816550925925926 0.08972222222222222 0.0943402777777778
2 0.736545138888889 0.29604745370370367 0.08681712962962962 0.12384259259259256
2 0.6869097222222222 0.2497916666666667 0.08667824074074063 0.10509259259259256
3 0.7229398148148147 0.12973958333333332 0.12785879629629626 0.18250000000000002
4 0.8690219907407407 0.12264467592592591 0.08681712962962962 0.12384259259259256
4 0.9480555555555557 0.10078125 0.06793981481481488 0.1055439814814815
1 0.3358275462962963 0.005584490740740741 0.047094907407407405 0.011168981481481483
3 0.5365393518518518 0.009403935185185185 0.0737962962962964 0.01880787037037037