5 0.49765625 0.39375 0.04765625 0.12421875
1 0.8953125 0.06328125 0.03515625 0.06796875
1 0.8328125 0.08125 0.03359375 0.0734375
1 0.86875 0.3109375 0.04375 0.0859375
4 0.69140625 0.05546875 0.03984375 0.078125
2 0.45390625 0.55390625 0.0765625 0.12890625
2 0.61640625 0.52734375 0.1265625 0.125
2 0.5125 0.35703125 0.12109375 0.10546875
3 0.26640625 0.48125 0.12578125 0.190625
4 0.225 0.43671875 0.0453125 0.1171875
4 0.14375 0.39921875 0.0765625 0.0984375
4 0.02265625 0.44609375 0.0453125 0.10859375