3 0.48943865740740744 0.5820486111111111 0.1424768518518519 0.26684027777777786
5 0.46623263888888894 0.617013888888889 0.07945601851851869 0.165763888888889
3 0.1677372685185185 0.7532118055555556 0.1317708333333333 0.1462500000000002
2 0.12708333333333335 0.6042881944444444 0.06504629629629628 0.11364583333333336
2 0.05732060185185185 0.5651909722222221 0.08680555555555555 0.11149305555555564
2 0.08064236111111112 0.6327430555555555 0.08090277777777777 0.07847222222222214
2 0.03511284722222222 0.6155034722222222 0.07022569444444444 0.08649305555555564
4 0.25167824074074074 0.8109375 0.053472222222222233 0.09597222222222221
4 0.32989004629629626 0.8543229166666666 0.05115740740740744 0.07559027777777771
4 0.41967592592592595 0.8387499999999999 0.07939814814814809 0.12208333333333314
4 0.958304398148148 0.36734375 0.06371527777777786 0.11982638888888886