2 0.5770775462962963 0.4140509259259259 0.14188657407407418 0.1828703703703704
2 0.26804398148148145 0.2576099537037037 0.0726967592592592 0.11023148148148146
2 0.18796875000000002 0.2850810185185185 0.07797453703703701 0.09185185185185185
2 0.16300347222222222 0.2418923611111111 0.07708333333333331 0.07466435185185186
2 0.21774305555555556 0.22454282407407405 0.07067129629629632 0.07116898148148146
3 0.22087962962962965 0.1036747685185185 0.10061342592592588 0.16796296296296295
3 0.1489525462962963 0.12204282407407407 0.12612268518518518 0.14922453703703703
3 0.38468749999999996 0.8447048611111111 0.06402777777777775 0.1533333333333335
5 0.5332002314814815 0.36884837962962963 0.08293981481481474 0.15756944444444443
4 0.5871122685185185 0.09372685185185185 0.07474537037037052 0.11969907407407407
4 0.4955266203703704 0.06545717592592593 0.05453703703703709 0.09046296296296297
4 0.41508680555555555 0.08589699074074074 0.053298611111111074 0.09662037037037037