5 0.5 0.39296875 0.05546875 0.1265625
1 0.89609375 0.06171875 0.03515625 0.06640625
4 0.6921875 0.05390625 0.0390625 0.075
1 0.8328125 0.08203125 0.034375 0.078125
1 0.13359375 0.39609375 0.05 0.0890625
4 0.22109375 0.44296875 0.0625 0.12265625
4 0.02421875 0.44140625 0.04765625 0.1109375
3 0.321875 0.540625 0.1375 0.20390625
3 0.45390625 0.55546875 0.0671875 0.14921875
3 0.5734375 0.32578125 0.09375 0.17578125
2 0.61640625 0.53046875 0.12265625 0.12578125
3 0.03671875 0.77109375 0.0734375 0.1265625
1 0.8703125 0.315625 0.05859375 0.09453125