5 0.45434027777777775 0.5947743055555555 0.08253472222222218 0.136076388888889
1 0.7704166666666666 0.9639409722222222 0.04847222222222225 0.036979166666666785
4 0.5688020833333333 0.9520312499999999 0.0546180555555555 0.06989583333333335
1 0.7118402777777778 0.9472916666666666 0.0500694444444445 0.07291666666666678
1 0.09713541666666667 0.5363715277777777 0.06836805555555556 0.09829861111111118
4 0.19305555555555556 0.5030208333333334 0.08864583333333331 0.13309027777777782
4 0.017326388888888888 0.47362847222222226 0.034652777777777775 0.11836805555555543
3 0.3121875 0.4215451388888889 0.18031249999999996 0.2287847222222222
3 0.44461805555555556 0.42718749999999994 0.09927083333333328 0.16142361111111114
3 0.5117708333333333 0.6723263888888888 0.1318402777777777 0.19180555555555562
2 0.5985416666666666 0.4760590277777778 0.1486458333333333 0.14847222222222206
3 0.08385416666666666 0.1503298611111111 0.09986111111111111 0.1395833333333333
1 0.7996527777777778 0.7275868055555555 0.07802083333333325 0.1047569444444445