1 0.82578125 0.09453125 0.03203125 0.05078125
1 0.5203125 0.54609375 0.0390625 0.0796875
1 0.87890625 0.36171875 0.0390625 0.06875
5 0.5484375 0.3890625 0.04921875 0.109375
2 0.375 0.37109375 0.09296875 0.08125
3 0.190625 0.4984375 0.06796875 0.13359375
1 0.5125 0.428125 0.03828125 0.07578125
2 0.13203125 0.55859375 0.05234375 0.08203125
1 0.4015625 0.07578125 0.03359375 0.06328125
2 0.48671875 0.30390625 0.07890625 0.08984375
2 0.63125 0.37578125 0.05078125 0.071875
2 0.57578125 0.4578125 0.0515625 0.09375
2 0.5984375 0.2453125 0.03828125 0.071875
2 0.56015625 0.284375 0.05078125 0.05859375
2 0.56328125 0.21796875 0.040625 0.0484375
1 0.43671875 0.13203125 0.0359375 0.06796875
4 0.18359375 0.22890625 0.04765625 0.08125
2 0.4828125 0.4390625 0.05234375 0.09296875