1 0.24107638888888888 0.01712962962962963 0.049097222222222216 0.03425925925925926
1 0.4017766203703704 0.5568344907407408 0.06805555555555554 0.09467592592592596
1 0.0964351851851852 0.2694270833333333 0.0642824074074074 0.08369212962962962
5 0.4260706018518518 0.3839699074074074 0.0888425925925926 0.1293287037037037
2 0.6102025462962963 0.41168402777777774 0.12688657407407397 0.11271990740740741
3 0.7555729166666667 0.5929629629629629 0.11716435185185184 0.15940972222222224
1 0.4496238425925926 0.4343576388888889 0.06630787037037038 0.09152777777777779
2 0.7946006944444444 0.6720023148148149 0.08405092592592585 0.10115740740740745
1 0.6843287037037037 0.09601851851851853 0.05756944444444443 0.07578703703703704
2 0.5185185185185185 0.312349537037037 0.1146643518518518 0.11722222222222226
2 0.34538773148148144 0.34925925925925927 0.07871527777777772 0.09015046296296295
2 0.37461805555555555 0.4487384259259259 0.08626157407407406 0.11211805555555561
2 0.4240277777777778 0.2208622685185185 0.06603009259259256 0.08684027777777778
2 0.4506597222222222 0.2719849537037037 0.07319444444444442 0.07601851851851853
2 0.4696701388888888 0.2014525462962963 0.05995370370370381 0.06333333333333338
1 0.6291145833333334 0.1452314814814815 0.06106481481481474 0.08208333333333333
4 0.8549131944444444 0.3128298611111111 0.077708333333333 0.09950231481481478
2 0.4764988425925926 0.45503472222222224 0.08791666666666664 0.11370370370370378