1 0.8977719907407409 0.15685763888888887 0.04120370370370381 0.059259259259259255
1 0.5119502314814814 0.5830150462962964 0.05324074074074083 0.0893518518518519
1 0.9137152777777778 0.4445601851851852 0.051273148148148096 0.07835648148148149
5 0.5648148148148148 0.42303240740740744 0.0685185185185185 0.12268518518518512
2 0.3865162037037037 0.37887731481481485 0.10978009259259255 0.0992476851851852
3 0.17453703703703705 0.48368055555555556 0.09137731481481484 0.1500578703703704
1 0.521267361111111 0.45818865740740744 0.05150462962962976 0.08460648148148149
2 0.10445601851851852 0.5381944444444444 0.06747685185185186 0.09456018518518512
1 0.4572916666666666 0.07326388888888888 0.044791666666666785 0.071875
2 0.5121238425925926 0.3248553240740741 0.09756944444444446 0.10659722222222223
2 0.653269675925926 0.4216145833333333 0.06394675925925916 0.08350694444444447
2 0.5831597222222222 0.49803240740740745 0.06788194444444447 0.10549768518518512
2 0.6381655092592593 0.2802372685185185 0.04982638888888893 0.08142361111111107
2 0.5914930555555555 0.31527777777777777 0.061863425925925954 0.06938657407407404
2 0.6057870370370371 0.24618055555555554 0.05052083333333339 0.05804398148148149
1 0.4861979166666666 0.1377025462962963 0.04809027777777786 0.07667824074074074
4 0.20688657407407404 0.20167824074074076 0.06273148148148149 0.09282407407407404
2 0.48813657407407407 0.4655671296296296 0.06944444444444446 0.10555555555555571