1 0.651244212962963 0.21123263888888885 0.06313657407407405 0.10464120370370367
3 0.07635995370370371 0.15963541666666667 0.07748842592592593 0.15528935185185183
1 0.6017650462962963 0.7985127314814815 0.04160879629629619 0.07077546296296297
5 0.5541087962962963 0.5473726851851852 0.06383101851851851 0.12339120370370367
1 0.5574074074074075 0.46736111111111106 0.05162037037037024 0.08844907407407412
3 0.49021990740740745 0.5553819444444444 0.10989583333333322 0.18815972222222221
1 0.7828414351851851 0.7844270833333333 0.039699074074074046 0.06131944444444457
1 0.7583622685185185 0.7363831018518519 0.04004629629629619 0.0706944444444444
1 0.08434606481481481 0.43866319444444446 0.057928240740740745 0.0903356481481481
1 0.04505208333333333 0.2864988425925926 0.050347222222222224 0.09618055555555553
2 0.5254340277777778 0.5973900462962962 0.04965277777777786 0.07743055555555553
1 0.13084490740740742 0.8064930555555556 0.05630787037037037 0.08869212962962969