1 0.7135243055555556 0.67890625 0.06312499999999996 0.0984375
3 0.19796874999999997 0.8578125 0.0798263888888889 0.146875
1 0.5298263888888888 0.146875 0.0421180555555555 0.0671875
5 0.5445833333333333 0.3890625 0.06506944444444436 0.115625
1 0.5665625000000001 0.4640625 0.051875000000000074 0.084375
3 0.4846006944444444 0.396875 0.11017361111111104 0.1765625
1 0.6987152777777779 0.11796875 0.040347222222222354 0.0578125
1 0.6881076388888889 0.16796875 0.0405555555555555 0.0671875
1 0.1390625 0.59765625 0.05815972222222223 0.0859375
1 0.13848958333333333 0.74765625 0.052013888888888894 0.090625
2 0.5070138888888889 0.35078125 0.0500694444444445 0.0734375
1 0.09456597222222222 0.24765625 0.05656249999999998 0.084375