1 0.66640625 0.69296875 0.04765625 0.08984375
3 0.1453125 0.80390625 0.0578125 0.1359375
1 0.5640625 0.16171875 0.03203125 0.0609375
5 0.54453125 0.39609375 0.04765625 0.10703125
1 0.55546875 0.46953125 0.03984375 0.0765625
3 0.48515625 0.39609375 0.084375 0.16328125
1 0.73046875 0.15390625 0.03203125 0.053125
1 0.71328125 0.20078125 0.03125 0.0609375
1 0.12578125 0.5484375 0.04453125 0.078125
1 0.10390625 0.69140625 0.0375 0.08359375
2 0.51328125 0.35390625 0.03828125 0.06640625
1 0.13125 0.20703125 0.04375 0.07578125