1 0.6433854166666666 0.6935706018518518 0.07135416666666679 0.11269675925925923
1 0.16302083333333334 0.5184027777777779 0.06364583333333336 0.09049768518518526
1 0.7499479166666667 0.6336979166666666 0.06635416666666671 0.10776620370370367
1 0.7108333333333333 0.26886574074074077 0.050833333333333286 0.08516203703703704
5 0.515 0.37938657407407406 0.05666666666666664 0.12594907407407402
4 0.3175 0.4181944444444444 0.06166666666666672 0.10752314814814809
1 0.5427604166666666 0.3520196759259259 0.04583333333333339 0.08023148148148147
1 0.6860937500000001 0.22476273148148146 0.057499999999999926 0.0917361111111111
1 0.37109375 0.08931134259259259 0.05020833333333332 0.07578703703703704
3 0.47885416666666664 0.10579861111111111 0.0859375 0.1445949074074074
3 0.55921875 0.12008680555555555 0.0484375 0.07258101851851854