1 0.4769733796296296 0.6761284722222223 0.06965277777777779 0.10923611111111117
1 0.9473148148148148 0.5757291666666667 0.062268518518518334 0.08722222222222235
1 0.37378472222222225 0.6017708333333334 0.06472222222222221 0.10444444444444442
1 0.41254629629629636 0.2481597222222222 0.04952546296296294 0.08225694444444445
5 0.6035532407407407 0.3870486111111111 0.0547569444444445 0.12295138888888886
4 0.7963020833333333 0.45394097222222224 0.06159722222222221 0.10437499999999993
1 0.5777141203703703 0.3563368055555555 0.044513888888888783 0.07590277777777779
1 0.43712384259259257 0.20928819444444446 0.0561805555555555 0.09020833333333336
1 0.7463136574074074 0.12342013888888888 0.0490393518518518 0.07288194444444444
3 0.639982638888889 0.12421875 0.08525462962962962 0.13923611111111112
3 0.5610763888888889 0.1259722222222222 0.04731481481481481 0.06972222222222224