1 0.9112326388888888 0.6480555555555556 0.06958333333333329 0.09100694444444457
1 0.5389583333333333 0.29450810185185183 0.08305555555555558 0.11325231481481488
2 0.3371701388888889 0.4765625 0.1450347222222222 0.13849537037037046
1 0.5058159722222222 0.44410879629629624 0.07468749999999993 0.10052083333333321
1 0.7896527777777778 0.949519675925926 0.046527777777777855 0.06379629629629627
5 0.5739583333333333 0.6255787037037037 0.08715277777777786 0.13521990740740736
2 0.6227951388888889 0.5482233796296296 0.10336805555555557 0.11385416666666667
5 0.7724479166666667 0.9546238425925926 0.10336805555555557 0.09075231481481474
2 0.5935416666666666 0.4342245370370371 0.12527777777777782 0.15039351851851848
3 0.4881423611111112 0.6433217592592593 0.122013888888889 0.14717592592592582
2 0.5618055555555556 0.5276909722222222 0.08440972222222225 0.10861111111111121
2 0.4615451388888888 0.5715335648148148 0.13194444444444448 0.15995370370370363
2 0.47434027777777776 0.42054976851851855 0.09177083333333336 0.1337962962962962
2 0.5093055555555555 0.4699594907407407 0.08472222222222214 0.08053240740740737
2 0.5631076388888889 0.7149826388888889 0.06354166666666679 0.09550925925925924
2 0.5280902777777777 0.7170659722222222 0.073298611111111 0.06927083333333339
7 0.7199131944444443 0.7321122685185185 0.03965277777777772 0.049548611111111106
1 0.3591319444444444 0.7775983796296296 0.06645833333333329 0.0909143518518519
1 0.30197916666666663 0.8258391203703704 0.06454861111111114 0.08305555555555558
4 0.09508680555555556 0.5770601851851852 0.08434027777777779 0.10704861111111122
3 0.18465277777777778 0.2574826388888889 0.13270833333333334 0.17714120370370373