1 0.84921875 0.46796875 0.04296875 0.0734375
1 0.95234375 0.19921875 0.03359375 0.06015625
1 0.44921875 0.68671875 0.04921875 0.09296875
2 0.30703125 0.46953125 0.10546875 0.09921875
1 0.44921875 0.54375 0.0453125 0.08125
1 0.8015625 0.16328125 0.028125 0.053125
5 0.54609375 0.39765625 0.04765625 0.1140625
1 0.9859375 0.68046875 0.02734375 0.08125
2 0.57421875 0.48125 0.07109375 0.0859375
5 0.79375 0.12734375 0.0609375 0.1234375
2 0.525 0.57578125 0.08203125 0.11875
3 0.47421875 0.36015625 0.08046875 0.11484375
2 0.515625 0.4828125 0.05234375 0.0875
2 0.4359375 0.4171875 0.08515625 0.1265625
2 0.41640625 0.55625 0.05234375 0.1109375
2 0.4578125 0.52109375 0.0609375 0.05859375
2 0.55390625 0.31484375 0.0359375 0.07890625
2 0.5234375 0.30390625 0.053125 0.04921875
7 0.696875 0.340625 0.025 0.03984375
1 0.9546875 0.1515625 0.04375 0.0609375
1 0.3859375 0.2046875 0.040625 0.0734375
1 0.3453125 0.1453125 0.04140625 0.065625
4 0.11328125 0.31484375 0.053125 0.08515625
3 0.128125 0.6265625 0.08125 0.14375