1 0.08180555555555555 0.5145833333333333 0.06131944444444444 0.08969907407407404
1 0.56296875 0.6687789351851852 0.07277777777777779 0.11354166666666679
2 0.6750868055555556 0.40112847222222225 0.13562499999999994 0.13148148148148148
1 0.5336631944444445 0.5111400462962964 0.06621527777777772 0.09924768518518512
1 0.0734201388888889 0.1724247685185185 0.042013888888888885 0.06400462962962968
5 0.3992361111111111 0.37303240740740745 0.07482638888888893 0.13547453703703702
2 0.3849826388888889 0.47051504629629626 0.09454861111111112 0.1096643518518519
5 0.07407986111111112 0.13174189814814813 0.09076388888888887 0.15011574074074074
2 0.4574131944444444 0.5632233796296295 0.11416666666666657 0.1494212962962962
3 0.4707118055555556 0.3172164351851852 0.11090277777777793 0.14305555555555555
2 0.44885416666666667 0.45954861111111106 0.07576388888888878 0.10740740740740726
2 0.5235069444444445 0.370775462962963 0.11902777777777765 0.15740740740740744
2 0.5721354166666667 0.5183159722222223 0.07947916666666668 0.1340856481481481
2 0.5206597222222221 0.48894675925925923 0.07822916666666657 0.0778356481481481
2 0.37380208333333337 0.284056712962963 0.055173611111111145 0.09415509259259255
2 0.40467013888888886 0.2657118055555555 0.06861111111111118 0.06655092592592596
7 0.2234375 0.34357638888888886 0.03545138888888886 0.049710648148148184
1 0.53609375 0.1279224537037037 0.05819444444444457 0.08958333333333335
1 0.5680902777777778 0.05480324074074074 0.05802083333333332 0.08177083333333335
4 0.8564756944444444 0.18955439814814815 0.07572916666666671 0.10584490740740744
3 0.9016493055555557 0.5334780092592593 0.11788194444444429 0.176099537037037