2 0.5714930555555556 0.24660300925925926 0.07437499999999986 0.08490740740740739
5 0.5181423611111111 0.371244212962963 0.0624305555555555 0.1035648148148148
2 0.2725925925925926 0.2331886574074074 0.0694212962962963 0.12861111111111115
2 0.32013310185185184 0.22892939814814817 0.05166666666666666 0.05662037037037031
2 0.3986111111111111 0.16114583333333335 0.0393518518518519 0.06277777777777778
2 0.39620949074074074 0.10646412037037037 0.04054398148148142 0.05028935185185186
2 0.43627314814814816 0.0608449074074074 0.04059027777777775 0.05185185185185186
2 0.4174016203703704 0.03225694444444445 0.11292824074074073 0.0645138888888889
2 0.5318634259259258 0.2804976851851852 0.08017361111111114 0.12244212962962955
2 0.5413715277777778 0.3640393518518518 0.044039351851851906 0.06281250000000008
2 0.5414351851851852 0.445306712962963 0.14037037037037034 0.09789351851851844