5 0.3870486111111111 0.4267708333333333 0.062013888888888855 0.12270833333333328
3 0.2902951388888889 0.07473958333333333 0.08357638888888888 0.11010416666666667
3 0.08590277777777777 0.42541666666666667 0.0609375 0.21468749999999998
3 0.23411458333333335 0.3549479166666667 0.052326388888888874 0.10802083333333332
2 0.2694965277777778 0.43765625 0.06947916666666672 0.10760416666666668
2 0.15776041666666668 0.35921875 0.10437500000000002 0.1333333333333334
2 0.3387847222222222 0.2558333333333333 0.07024305555555559 0.14197916666666668
5 0.17217013888888888 0.059843749999999994 0.06152777777777776 0.030624999999999993
2 0.46987847222222223 0.4330729166666667 0.07597222222222229 0.11895833333333332
4 0.7270138888888888 0.27937500000000004 0.07444444444444435 0.12041666666666676
4 0.6432638888888889 0.16145833333333334 0.056805555555555644 0.0989583333333333