3 0.89609375 0.9532609953703703 0.0640625 0.09347800925925931
3 0.7796875 0.7427719907407407 0.0765625 0.1180324074074072
4 0.95703125 0.3871238425925926 0.084375 0.09812500000000002
1 0.33515625 0.3431597222222222 0.075 0.09763888888888897
1 0.296875 0.9278935185185186 0.05625 0.08260416666666685
1 0.46484375 0.9623842592592592 0.059375 0.07026620370370366
1 0.325 0.9613831018518517 0.04375 0.06320601851851819
5 0.48125 0.6358912037037037 0.0796875 0.13381944444444435
2 0.5234375 0.6505787037037036 0.075 0.08045138888888878
3 0.45625 0.6455324074074074 0.0625 0.06886574074074084
7 0.26953125 0.028819444444444446 0.0609375 0.032847222222222215
3 0.45234375 0.3523611111111111 0.075 0.12263888888888878