2 0.5721643518518518 0.2836516203703704 0.078125 0.08659722222222221
5 0.5039351851851851 0.39425347222222223 0.06776620370370381 0.10189814814814815
2 0.2923611111111111 0.23625578703703703 0.0765625 0.12869212962962964
2 0.33848379629629627 0.23684027777777777 0.05370370370370363 0.05934027777777775
2 0.4218171296296296 0.18299768518518517 0.041319444444444284 0.0620949074074074
2 0.4268518518518519 0.13152777777777777 0.042476851851851904 0.05120370370370368
2 0.4720775462962964 0.09298032407407407 0.04253472222222214 0.052766203703703704
2 0.4577835648148148 0.05657986111111111 0.11568287037037042 0.08927083333333333
2 0.53046875 0.31135416666666665 0.08726851851851851 0.1227662037037037
2 0.5259837962962963 0.3902141203703704 0.04600694444444446 0.06223379629629626
2 0.5137731481481481 0.46649884259259256 0.13969907407407406 0.10559027777777778