1 0.8057349537037037 0.7680208333333333 0.07025462962962976 0.10258101851851861
1 0.667511574074074 0.1372048611111111 0.04311342592592595 0.06312499999999996
5 0.5660011574074074 0.40282986111111113 0.07055555555555557 0.12289351851851862
5 0.10907986111111112 0.35075810185185186 0.05200231481481481 0.030451388888888965
1 0.32794560185185184 0.045474537037037036 0.04633101851851853 0.0694212962962963
3 0.5667824074074075 0.508287037037037 0.11656249999999986 0.17043981481481474
2 0.6077314814814814 0.425318287037037 0.10350694444444457 0.13275462962962958
2 0.5123668981481482 0.36766782407407406 0.0841550925925926 0.09185185185185185
2 0.6668344907407407 0.3551157407407407 0.0738194444444444 0.13231481481481477
2 0.6296469907407407 0.3756539351851852 0.06515046296296294 0.07438657407407412
1 0.6383564814814815 0.27814814814814814 0.04642361111111111 0.07567129629629629