1 0.7971874999999999 0.69609375 0.057222222222222105 0.0921875
1 0.5899131944444445 0.10390625 0.03381944444444436 0.0578125
5 0.5204861111111111 0.3828125 0.05350694444444457 0.1140625
5 0.06661458333333334 0.4171875 0.04784722222222222 0.021875
1 0.24652777777777776 0.078125 0.03715277777777777 0.0625
3 0.5330902777777778 0.4859375 0.09437500000000014 0.1546875
2 0.5635763888888888 0.39765625 0.08652777777777772 0.11875
2 0.46453125 0.35859375 0.07229166666666664 0.0796875
2 0.6139930555555555 0.31796875 0.05541666666666671 0.121875
2 0.58078125 0.34453125 0.05604166666666668 0.065625
1 0.5772743055555556 0.24765625 0.034375 0.0703125