1 0.44835648148148144 0.8886631944444444 0.04560185185185191 0.06347222222222229
1 0.09175347222222222 0.30244791666666665 0.07497685185185185 0.10628472222222225
1 0.4987962962962963 0.5565104166666666 0.058981481481481524 0.09343749999999992
1 0.5548668981481482 0.8511631944444444 0.04574074074074073 0.06815972222222229
4 0.8154398148148149 0.8313194444444445 0.062013888888888855 0.09038194444444443
1 0.6103472222222223 0.9022395833333334 0.047256944444444574 0.06663194444444472
5 0.4797569444444445 0.6193923611111111 0.06261574074074083 0.11069444444444443
5 0.9218692129629631 0.42765625000000007 0.05717592592592595 0.03249999999999993
3 0.6795543981481481 0.5954340277777778 0.06376157407407419 0.09666666666666668
4 0.6858680555555556 0.9356944444444444 0.04486111111111111 0.03847222222222228
2 0.39178819444444446 0.6635069444444445 0.1283449074074074 0.16836805555555562
1 0.4272048611111111 0.7329861111111111 0.04734953703703706 0.06975694444444436
3 0.457829861111111 0.6479861111111112 0.09924768518518512 0.13493055555555564