1 0.36168981481481477 0.10572916666666665 0.03774305555555557 0.06359953703703702
1 0.047690972222222225 0.7845775462962962 0.06394675925925926 0.10607638888888893
1 0.44017939814814816 0.4296585648148149 0.04951388888888886 0.09253472222222214
1 0.4728067129629629 0.11776620370370369 0.039444444444444574 0.06840277777777777
4 0.7391030092592592 0.07543402777777777 0.052592592592592524 0.09120370370370372
1 0.5246354166666667 0.05234375 0.04096064814814824 0.06695601851851851
5 0.4154456018518518 0.36990740740740746 0.0485069444444445 0.1111689814814815
5 0.8805381944444445 0.4586226851851851 0.05542824074074062 0.029050925925925952
3 0.6203877314814814 0.3461516203703704 0.054293981481481526 0.09600694444444446
4 0.5995543981481481 0.00978009259259259 0.04343749999999993 0.01956018518518518
2 0.3225752314814815 0.34716435185185185 0.11248842592592592 0.16579861111111116
1 0.35377314814814814 0.2676793981481481 0.041053240740740723 0.07008101851851851
3 0.3911863425925926 0.34675925925925927 0.08499999999999996 0.1325810185185185