1 0.6078125 0.15078125 0.03046875 0.05390625
1 0.84296875 0.75703125 0.05 0.0890625
1 0.5125 0.44453125 0.03828125 0.07890625
1 0.50546875 0.1640625 0.03046875 0.05703125
4 0.2671875 0.13125 0.04140625 0.0765625
1 0.46328125 0.10625 0.03203125 0.05625
5 0.5390625 0.390625 0.03671875 0.0953125
5 0.11015625 0.4796875 0.04921875 0.0203125
3 0.3546875 0.3734375 0.0421875 0.08125
4 0.4 0.05703125 0.0359375 0.03671875
2 0.62578125 0.36796875 0.08984375 0.13828125
1 0.60390625 0.296875 0.03125 0.05859375
3 0.56328125 0.36953125 0.06796875 0.1109375