5 0.4453703703703704 0.5930902777777778 0.08692129629629619 0.11523148148148152
3 0.30978009259259254 0.49015046296296294 0.10219907407407405 0.10666666666666665
3 0.3423321759259259 0.5269270833333334 0.0796875 0.08834490740740737
3 0.31328125 0.4373090277777777 0.0963541666666667 0.11728009259259267
3 0.5141203703703704 0.5545486111111112 0.09623842592592595 0.07204861111111108
3 0.6036458333333334 0.6348263888888889 0.08582175925925917 0.08554398148148153
0 0.4374710648148148 0.8008738425925926 0.06741898148148148 0.09394675925925924
3 0.6813368055555555 0.8376909722222223 0.04820601851851851 0.08047453703703696
3 0.75 0.8599652777777778 0.039409722222222145 0.05350694444444457
3 0.6410590277777779 0.8870659722222222 0.03917824074074083 0.047256944444444574
3 0.4580729166666667 0.683420138888889 0.07546296296296298 0.10060185185185197
3 0.4755208333333333 0.649236111111111 0.07077546296296297 0.1003587962962964