5 0.5813657407407407 0.4173553240740741 0.08605324074074083 0.11060185185185176
3 0.7169097222222222 0.5075752314814815 0.09983796296296284 0.10143518518518527
3 0.6838831018518519 0.47445601851851854 0.07906249999999986 0.08550925925925927
3 0.7137731481481482 0.5599884259259259 0.09395833333333332 0.11384259259259259
3 0.515451388888889 0.4613194444444444 0.09417824074074091 0.06855324074074076
3 0.4265798611111111 0.38994791666666667 0.08517361111111103 0.08091435185185195
0 0.5885590277777778 0.2116898148148148 0.06674768518518519 0.09157407407407411
3 0.3481365740740741 0.19571180555555556 0.04762731481481488 0.0787962962962963
3 0.2796354166666667 0.17875000000000002 0.03902777777777775 0.052118055555555556
3 0.3872569444444444 0.1443287037037037 0.0404050925925926 0.04589120370370372
3 0.5693518518518518 0.3284317129629629 0.07630787037037053 0.09796296296296295
3 0.5524479166666667 0.36463541666666666 0.07001157407407402 0.09630787037037028