5 0.5305208333333333 0.5925 0.06937500000000014 0.12802083333333342
1 0.660318287037037 0.5068576388888889 0.05226851851851855 0.07767361111111111
1 0.964386574074074 0.8108333333333333 0.023634259259259237 0.05986111111111114
2 0.5827025462962963 0.5968055555555555 0.06693287037037035 0.098298611111111
1 0.5387962962962962 0.8928993055555555 0.047534722222222214 0.07600694444444471
2 0.6327488425925927 0.5941319444444444 0.07167824074074076 0.1530555555555555
2 0.6993460648148149 0.45446180555555554 0.0717245370370371 0.1546180555555555
2 0.6857870370370371 0.56953125 0.08940972222222214 0.11909722222222215
2 0.6868923611111111 0.6639756944444445 0.06453703703703688 0.07013888888888893
1 0.6664814814814815 0.37789930555555556 0.06343749999999986 0.08572916666666668
7 0.39175347222222223 0.4011805555555556 0.04068287037037042 0.05555555555555554
4 0.3157581018518519 0.7526388888888889 0.06739583333333332 0.113923611111111
1 0.5766087962962964 0.8288194444444444 0.048865740740740904 0.06822916666666679