5 0.54609375 0.39140625 0.05 0.11875
1 0.67890625 0.45703125 0.040625 0.0703125
1 0.953125 0.1171875 0.0328125 0.0546875
2 0.5953125 0.38046875 0.0515625 0.0890625
1 0.5265625 0.09921875 0.0359375 0.06953125
2 0.64453125 0.37578125 0.04921875 0.14296875
2 0.72109375 0.50234375 0.0484375 0.14375
2 0.6984375 0.3921875 0.07109375 0.10625
2 0.690625 0.30078125 0.053125 0.06015625
1 0.69609375 0.58125 0.05078125 0.07734375
7 0.4296875 0.596875 0.0328125 0.05
4 0.32421875 0.2671875 0.04921875 0.10546875
1 0.56953125 0.15625 0.03828125 0.06171875