5 0.5091724537037037 0.3500636574074074 0.0673379629629629 0.13789351851851855
1 0.3624189814814815 0.42696759259259254 0.05315972222222225 0.08255787037037052
1 0.047957175925925924 0.05517361111111111 0.04276620370370371 0.06481481481481481
2 0.4536516203703703 0.3392418981481481 0.06686342592592602 0.10361111111111114
1 0.522818287037037 0.032497106481481484 0.046817129629629764 0.06499421296296297
2 0.3993287037037037 0.3354050925925926 0.07047453703703699 0.16454861111111113
2 0.31763310185185184 0.47822916666666665 0.068912037037037 0.1644560185185185
2 0.3393634259259259 0.3554224537037037 0.08994212962962962 0.1252199074074074
2 0.34579861111111115 0.25233796296296296 0.06501157407407412 0.07236111111111114
1 0.3471296296296297 0.5658564814814815 0.06456018518518522 0.09101851851851847
7 0.6440625 0.5757002314814815 0.04083333333333332 0.05847222222222222
4 0.7522222222222222 0.20473379629629634 0.06641203703703695 0.12226851851851847
1 0.4764293981481481 0.08858217592592592 0.04947916666666678 0.0729976851851852