3 0.5158506944444444 0.8304166666666667 0.13496527777777773 0.18581018518518527
3 0.7964814814814816 0.0713425925925926 0.09111111111111114 0.1270601851851852
3 0.7668055555555555 0.03568576388888889 0.07322916666666668 0.07137152777777778
1 0.5569328703703704 0.012659143518518521 0.046932870370370416 0.025318287037037042
1 0.4620023148148148 0.042031250000000006 0.049097222222222216 0.07777777777777778
3 0.4270023148148148 0.38101273148148146 0.075300925925926 0.11988425925925927
5 0.4961979166666667 0.3355787037037037 0.07631944444444443 0.15425925925925926
2 0.9695659722222221 0.30986689814814816 0.044201388888888714 0.1757523148148148
2 0.9625347222222222 0.09971643518518518 0.06835648148148152 0.09607638888888888
2 0.9105439814814815 0.06458333333333334 0.07359953703703681 0.11510416666666667
1 0.08971064814814814 0.9203993055555555 0.08104166666666665 0.10306712962962976