3 0.6347627314814815 0.11557291666666666 0.14981481481481468 0.1958333333333333
3 0.6693402777777777 0.8792708333333333 0.10094907407407412 0.13479166666666664
3 0.6227025462962963 0.9144270833333333 0.08815972222222221 0.09489583333333336
1 0.41639467592592594 0.9203645833333333 0.05684027777777771 0.08343750000000014
1 0.3431886574074074 0.8509895833333333 0.05682870370370372 0.08187500000000014
3 0.41346643518518517 0.5250520833333333 0.08525462962962962 0.12437499999999986
5 0.4646759259259259 0.5794791666666667 0.0917476851851852 0.15760416666666668
2 0.9281886574074075 0.6853645833333333 0.10287037037037053 0.1833333333333332
2 0.8420949074074073 0.8810416666666667 0.08822916666666672 0.10427083333333335
2 0.775 0.8980208333333334 0.08356481481481488 0.10708333333333328
1 0.2579224537037037 0.0077083333333333335 0.0877199074074074 0.015416666666666667
5 0.4542361111111111 0.9639583333333335 0.05946759259259267 0.016458333333333287