3 0.38359375 0.278125 0.06953125 0.12421875
3 0.35546875 0.21484375 0.07578125 0.11484375
3 0.24921875 0.14453125 0.10703125 0.18359375
1 0.83359375 0.13046875 0.03515625 0.07265625
1 0.91875 0.17578125 0.03671875 0.06875
5 0.54296875 0.35 0.059375 0.0328125
2 0.23125 0.22890625 0.05234375 0.11796875
2 0.4734375 0.2234375 0.0515625 0.08671875
2 0.51640625 0.17578125 0.03046875 0.06640625
3 0.62421875 0.28203125 0.03671875 0.10625
3 0.62265625 0.19921875 0.03984375 0.11328125
7 0.8171875 0.13203125 0.025 0.02890625