3 0.6434548611111112 0.21609375000000003 0.09222222222222207 0.14812499999999992
3 0.6824131944444444 0.14796875000000004 0.09826388888888893 0.13916666666666666
3 0.8080555555555555 0.092421875 0.14059027777777758 0.18484375
1 0.17939236111111112 0.03966145833333333 0.04715277777777778 0.07932291666666666
1 0.08164930555555557 0.08192708333333334 0.04861111111111112 0.08125
5 0.46244791666666674 0.2874479166666667 0.06812499999999985 0.046666666666666676
2 0.8137847222222222 0.16885416666666667 0.07326388888888893 0.1375
2 0.5543750000000001 0.15260416666666665 0.06784722222222221 0.10437500000000002
2 0.515 0.0990625 0.042291666666666575 0.07770833333333334
3 0.38460069444444445 0.20994791666666668 0.054201388888888855 0.12218749999999998
3 0.39751736111111113 0.12015625 0.05906250000000002 0.13031249999999997
7 0.1972916666666667 0.03833333333333334 0.032013888888888876 0.036458333333333336