3 0.41684027777777777 0.7528587962962963 0.11018518518518512 0.15464120370370366
3 0.4008101851851852 0.8262905092592593 0.11452546296296298 0.14554398148148168
3 0.3035300925925926 0.9036863425925926 0.16863425925925926 0.19262731481481482
1 0.925607638888889 0.8205902777777778 0.0578125 0.08761574074074083
5 0.5695891203703705 0.6452488425925926 0.07216435185185191 0.054166666666666786
2 0.26733217592592595 0.8363888888888888 0.09103009259259257 0.14259259259259274
2 0.5241319444444444 0.7944502314814814 0.08043981481481488 0.10922453703703709
2 0.5797453703703703 0.836111111111111 0.05289351851851851 0.0810879629629632
3 0.6700810185185185 0.7013136574074075 0.07008101851851851 0.12420138888888879
3 0.6871817129629629 0.7892361111111111 0.07667824074074084 0.13394675925925928
7 0.907523148148148 0.8226504629629631 0.03420138888888893 0.039444444444444574