1 0.7196875 0.2609259259259259 0.06656249999999986 0.0848263888888889
5 0.4395833333333334 0.35890046296296296 0.10010416666666658 0.1428587962962963
1 0.5700520833333333 0.019855324074074074 0.050520833333333216 0.0316087962962963
2 0.5026041666666666 0.375 0.09916666666666671 0.10537037037037038
1 0.9194791666666667 0.2655324074074074 0.05729166666666643 0.0863194444444444
1 0.9095833333333335 0.1912037037037037 0.04395833333333314 0.07372685185185186
2 0.7461458333333333 0.6730439814814815 0.16999999999999993 0.16055555555555542
1 0.35677083333333337 0.966267361111111 0.078125 0.067465277777778
1 0.19109375 0.46336226851851847 0.071875 0.09423611111111115
1 0.8725520833333335 0.7232233796296297 0.07354166666666657 0.11923611111111114
3 0.18609375 0.7845775462962964 0.15968749999999998 0.16984953703703703
1 0.12619791666666666 0.3815914351851852 0.07635416666666668 0.0911458333333334