1 0.17644097222222221 0.4369502314814815 0.05526620370370372 0.07853009259259255
5 0.44699652777777776 0.4021354166666667 0.07909722222222229 0.13182870370370364
1 0.2074537037037037 0.1523611111111111 0.04263888888888889 0.061249999999999985
1 0.1240798611111111 0.12329282407407409 0.04262731481481481 0.059687499999999984
2 0.40060763888888884 0.44232060185185185 0.08351851851851855 0.09592592592592589
1 0.01617476851851852 0.5248668981481481 0.03234953703703704 0.08151620370370374
1 0.003900462962962963 0.4577719907407408 0.007800925925925926 0.0688310185185184
2 0.30420138888888887 0.8016087962962963 0.14481481481481479 0.14481481481481495
1 0.7432986111111111 0.8991319444444444 0.06624999999999996 0.08486111111111114
1 0.6947627314814815 0.3854571759259259 0.05844907407407405 0.08636574074074073
1 0.21598958333333335 0.8983506944444445 0.057071759259259204 0.11135416666666664
3 0.8153877314814816 0.6587673611111111 0.13395833333333335 0.1556712962962962
1 0.718923611111111 0.28762731481481485 0.06311342592592588 0.08327546296296298