1 0.80234375 0.37421875 0.03828125 0.06796875
5 0.54296875 0.39765625 0.0515625 0.11796875
1 0.71953125 0.115625 0.03046875 0.053125
1 0.79140625 0.07109375 0.03046875 0.0515625
2 0.59453125 0.42578125 0.06328125 0.0796875
1 0.97890625 0.4234375 0.03828125 0.071875
1 0.98359375 0.35625 0.02890625 0.06171875
2 0.753125 0.7421875 0.115625 0.115625
1 0.36328125 0.9234375 0.0484375 0.071875
1 0.31015625 0.43359375 0.03984375 0.075
1 0.85390625 0.8140625 0.03359375 0.10078125
3 0.25 0.7140625 0.10234375 0.12890625
1 0.26796875 0.346875 0.0453125 0.07109375