1 0.39019675925925923 0.7091319444444444 0.0831134259259259 0.11739583333333332
1 0.8843402777777778 0.7068229166666666 0.07309027777777785 0.0953125
5 0.5870601851851852 0.45005208333333335 0.07240740740740748 0.12496527777777774
1 0.3046701388888889 0.6142013888888889 0.07984953703703698 0.112638888888889
1 0.4297453703703704 0.27144097222222224 0.061967592592592526 0.08881944444444442
4 0.7638078703703703 0.5532638888888888 0.07672453703703716 0.1125694444444445
1 0.5663194444444445 0.41128472222222223 0.053923611111111214 0.08083333333333335
1 0.4644502314814815 0.2346875 0.06527777777777785 0.09513888888888893
1 0.787962962962963 0.2129513888888889 0.06021990740740755 0.08253472222222218
3 0.6020543981481482 0.18145833333333333 0.05511574074074073 0.06836805555555556
3 0.691568287037037 0.2209722222222222 0.09607638888888878 0.13329861111111113