1 0.3834837962962963 0.6961747685185186 0.07844907407407416 0.11466435185185198
1 0.8477662037037037 0.5313888888888889 0.06943287037037038 0.09394675925925924
5 0.4832523148148148 0.38788773148148153 0.06650462962962962 0.12339120370370367
1 0.2719270833333333 0.6347511574074074 0.07513888888888891 0.1113773148148148
1 0.27612847222222225 0.2729224537037037 0.05656249999999998 0.0870486111111111
4 0.6838831018518519 0.42728587962962966 0.070451388888889 0.11113425925925924
1 0.45127893518518525 0.3588020833333333 0.04994212962962976 0.08047453703703704
1 0.29692129629629627 0.22619791666666664 0.061527777777777806 0.09197916666666668
1 0.5943634259259258 0.0997800925925926 0.05619212962962976 0.08079861111111111
3 0.4098321759259259 0.1325289351851852 0.0522337962962963 0.06657407407407408
3 0.506568287037037 0.13989583333333333 0.08874999999999993 0.13077546296296294