3 0.48606481481481484 0.3382523148148148 0.1502314814814815 0.22939814814814818
5 0.5304166666666668 0.35532407407407407 0.07765046296296312 0.1476273148148149
4 0.754704861111111 0.03072916666666666 0.04431712962962955 0.06145833333333332
2 0.2851793981481482 0.2967592592592593 0.11809027777777778 0.14438657407407404
2 0.3839872685185185 0.40766782407407404 0.0879513888888889 0.17957175925925917
4 0.8126215277777777 0.2874421296296296 0.0702430555555555 0.10810185185185181
4 0.38539930555555557 0.666724537037037 0.07474537037037035 0.10219907407407405
1 0.7375173611111111 0.7651331018518518 0.08265046296296301 0.10590277777777768
3 0.448125 0.43188657407407405 0.10780092592592591 0.16545138888888894
3 0.27132523148148147 0.09343171296296296 0.05226851851851855 0.08026620370370371
1 0.03913194444444444 0.21085069444444443 0.05047453703703704 0.07233796296296298