3 0.4648958333333333 0.35801504629629627 0.1460416666666667 0.2238194444444444
5 0.5043229166666666 0.3883159722222222 0.07385416666666664 0.14782407407407402
4 0.8265104166666667 0.10686921296296296 0.04250000000000007 0.07555555555555556
2 0.2728645833333333 0.2589814814814815 0.11833333333333336 0.1359953703703704
2 0.34151041666666665 0.4023263888888889 0.0807291666666666 0.1807060185185186
4 0.8088020833333334 0.3959548611111111 0.06791666666666671 0.10559027777777778
4 0.26885416666666667 0.6710474537037037 0.07364583333333333 0.09787037037037045
1 0.5988541666666667 0.8706597222222221 0.08166666666666664 0.10111111111111129
3 0.3988541666666667 0.4454050925925926 0.10437500000000002 0.16076388888888893
3 0.31604166666666667 0.04534722222222222 0.05052083333333339 0.07879629629629628
1 0.047135416666666666 0.1023611111111111 0.04989583333333334 0.0694212962962963