5 0.5453125 0.39921875 0.04609375 0.11953125
3 0.68671875 0.1734375 0.05625 0.13125
1 0.19296875 0.44375 0.0484375 0.08125
1 0.2828125 0.17578125 0.03515625 0.06484375
1 0.19375 0.23671875 0.03671875 0.06640625
3 0.6375 0.14921875 0.04921875 0.1234375
5 0.46796875 0.515625 0.05 0.096875
7 0.3859375 0.17109375 0.0265625 0.0375
3 0.3296875 0.1546875 0.08125 0.11640625
3 0.52421875 0.071875 0.034375 0.0625
2 0.48671875 0.646875 0.1140625 0.1671875
2 0.85859375 0.684375 0.0734375 0.209375
2 0.87421875 0.596875 0.1203125 0.1359375
4 0.75625 0.0734375 0.03984375 0.06796875