5 0.43281828703703706 0.5761979166666666 0.059953703703703634 0.12875000000000014
3 0.2661342592592592 0.8071875000000001 0.07126157407407412 0.1419791666666665
1 0.795138888888889 0.5317708333333334 0.05723379629629619 0.08958333333333321
1 0.6763078703703703 0.8055729166666665 0.04266203703703706 0.07145833333333336
1 0.7725057870370371 0.7430208333333332 0.04427083333333322 0.07312499999999993
3 0.3129803240740741 0.8313541666666667 0.06321759259259263 0.1336458333333333
5 0.5228703703703703 0.45791666666666664 0.0608680555555555 0.10697916666666671
7 0.5709085648148149 0.8102604166666667 0.030891203703703594 0.042604166666666644
3 0.626556712962963 0.8268229166666666 0.09589120370370363 0.13114583333333343
3 0.4205439814814815 0.9115104166666667 0.041006944444444395 0.06822916666666679
2 0.5175231481481481 0.3226041666666667 0.1334027777777777 0.18666666666666662
2 0.1428587962962963 0.2836458333333333 0.0955439814814815 0.2246875
2 0.11760995370370371 0.37265625 0.13716435185185186 0.1557291666666666
4 0.18435763888888887 0.9093229166666668 0.04744212962962964 0.07489583333333343