5 0.5178125 0.6758564814814815 0.084236111111111 0.14212962962962977
3 0.6245312500000001 0.9381915509259258 0.09899305555555564 0.12361689814814839
1 0.15097222222222223 0.5216550925925926 0.07468750000000002 0.10260416666666661
1 0.19345486111111113 0.8288368055555555 0.056527777777777774 0.07971064814814817
1 0.11069444444444443 0.7374421296296296 0.058229166666666644 0.08292824074074083
3 0.567170138888889 0.9456018518518519 0.088923611111111 0.1087962962962962
5 0.4584027777777778 0.5313020833333333 0.08170138888888889 0.1201620370370371
7 0.3034027777777778 0.8657407407407408 0.037951388888888896 0.0474421296296299
3 0.24026041666666664 0.8651157407407407 0.12045138888888882 0.15050925925925931
3 0.4337847222222223 0.9867071759259259 0.045486111111111074 0.026585648148148167
2 0.5039583333333333 0.3992013888888889 0.17003472222222235 0.21422453703703698
2 0.9078125 0.47456018518518517 0.13874999999999993 0.2466550925925926
2 0.9089583333333333 0.5704687500000001 0.16864583333333344 0.18297453703703717