3 0.4 0.103125 0.06171875 0.11875
6 0.38515625 0.42734375 0.45078125 0.0921875
5 0.4984375 0.3984375 0.06796875 0.14296875
3 0.46640625 0.2015625 0.05703125 0.1265625
3 0.60625 0.365625 0.1015625 0.196875
6 0.5078125 0.46015625 0.18828125 0.228125
2 0.703125 0.46796875 0.0734375 0.0765625
1 0.84140625 0.45859375 0.04296875 0.06953125
1 0.9171875 0.34609375 0.03671875 0.07265625
1 0.6015625 0.07265625 0.03046875 0.07265625
3 0.03203125 0.52578125 0.0640625 0.11171875
2 0.1578125 0.9046875 0.1453125 0.18359375