2 0.5294212962962963 0.42868055555555556 0.12844907407407397 0.1172569444444445
2 0.3581828703703704 0.2238888888888889 0.052696759259259277 0.07438657407407404
1 0.6167361111111112 0.11896412037037037 0.05582175925925927 0.07454861111111111
1 0.17949652777777778 0.025763888888888885 0.047256944444444435 0.03516203703703704
5 0.46748263888888886 0.4027430555555555 0.08093749999999993 0.1303703703703704
1 0.31957175925925924 0.5580729166666667 0.06060185185185185 0.07635416666666668
2 0.38775462962962964 0.2802777777777778 0.060416666666666605 0.07322916666666668
3 0.6364756944444444 0.5925289351851852 0.09499999999999993 0.13109953703703708
2 0.3246585648148148 0.3796643518518519 0.0686111111111111 0.10636574074074075
7 0.45361111111111113 0.49135995370370367 0.03540509259259252 0.045451388888889
2 0.40118634259259256 0.46356481481481476 0.08616898148148149 0.11350694444444435
3 0.4097453703703704 0.2265625 0.05555555555555554 0.09634259259259262
1 0.5594097222222223 0.16065972222222222 0.05435185185185176 0.07603009259259261
4 0.7791898148148148 0.3397569444444445 0.07770833333333335 0.1021643518518518
2 0.7105150462962962 0.6919733796296297 0.08671296296296305 0.09640046296296294
7 0.21839120370370374 0.20253472222222219 0.04184027777777777 0.04890046296296298
1 0.03862268518518519 0.27392939814814815 0.0517824074074074 0.08524305555555553