2 0.48125 0.403125 0.1 0.08515625
2 0.69375 0.26015625 0.0328125 0.06328125
1 0.484375 0.09453125 0.03671875 0.06171875
1 0.91328125 0.1140625 0.0328125 0.0484375
5 0.5453125 0.39453125 0.0453125 0.1140625
1 0.6390625 0.57578125 0.04140625 0.06328125
2 0.65078125 0.30390625 0.04140625 0.06015625
3 0.33828125 0.52421875 0.06015625 0.11015625
2 0.6828125 0.41171875 0.03984375 0.09296875
7 0.53359375 0.4796875 0.02421875 0.0375
2 0.5890625 0.46875 0.05703125 0.09453125
3 0.6453125 0.2484375 0.0296875 0.08515625
1 0.52578125 0.14921875 0.03359375 0.06484375
4 0.275 0.25546875 0.05078125 0.08515625
2 0.24296875 0.59609375 0.0625 0.0765625
7 0.828125 0.2765625 0.03046875 0.0390625
1 0.9796875 0.38984375 0.03984375 0.0734375