2 0.5412152777777778 0.3586458333333334 0.1160763888888889 0.09822916666666667
1 0.08402777777777777 0.08020833333333333 0.03555555555555556 0.05541666666666667
5 0.4688194444444445 0.3517708333333333 0.05572916666666679 0.12072916666666664
1 0.01017361111111111 0.3834375 0.02034722222222222 0.07062499999999998
2 0.37390625 0.2699479166666666 0.05135416666666668 0.06427083333333332
2 0.7982118055555555 0.5536979166666667 0.059687500000000074 0.08822916666666672
1 0.5477430555555556 0.03270833333333333 0.03902777777777775 0.06541666666666666
2 0.31486111111111115 0.22395833333333331 0.04059027777777775 0.07135416666666661
1 0.5034375 0.09281249999999999 0.03597222222222225 0.07416666666666664
3 0.7128472222222222 0.49854166666666666 0.07951388888888893 0.13791666666666663
5 0.9244791666666667 0.9095833333333333 0.05531250000000014 0.031770833333333214
7 0.17222222222222222 0.25375000000000003 0.030520833333333375 0.03947916666666664