2 0.48125 0.40078125 0.10546875 0.08359375
1 0.91171875 0.11484375 0.03125 0.05
5 0.5484375 0.390625 0.05 0.10859375
1 0.9828125 0.39140625 0.0328125 0.06328125
2 0.63828125 0.30859375 0.04765625 0.05625
2 0.2390625 0.5984375 0.05390625 0.078125
1 0.48203125 0.096875 0.034375 0.0640625
2 0.69453125 0.26171875 0.03671875 0.06328125
1 0.521875 0.15234375 0.03203125 0.065625
3 0.31953125 0.54140625 0.07109375 0.1234375
5 0.1140625 0.9359375 0.05078125 0.0265625
7 0.82578125 0.28125 0.028125 0.0359375