3 0.5638541666666667 0.9168402777777779 0.07739583333333329 0.1322337962962962
6 0.60390625 0.5627604166666667 0.5004166666666666 0.11828703703703702
5 0.4775520833333333 0.5901909722222222 0.08541666666666678 0.15902777777777785
3 0.49916666666666665 0.8063657407407406 0.07166666666666668 0.1398148148148149
3 0.35802083333333334 0.6210069444444445 0.12531250000000008 0.2197337962962962
6 0.4719270833333333 0.5218460648148148 0.2229166666666668 0.2576388888888889
2 0.25921874999999994 0.5053530092592593 0.08531250000000004 0.08732638888888893
1 0.10776041666666666 0.5099247685185185 0.051979166666666646 0.07829861111111107
1 0.01984375 0.6302951388888889 0.0396875 0.08119212962962977
1 0.3413541666666667 0.9414930555555555 0.0380208333333333 0.07934027777777786
2 0.8843229166666667 0.09227430555555556 0.16729166666666656 0.12465277777777777