2 0.49068865740740736 0.39296875 0.11259259259259266 0.0921875
2 0.7119791666666666 0.24609375 0.039421296296296406 0.0671875
1 0.48313078703703705 0.06640625 0.04402777777777782 0.065625
1 0.9385358796296295 0.0953125 0.03861111111111128 0.0515625
5 0.5583333333333333 0.38671875 0.0563194444444445 0.121875
1 0.6644328703703704 0.5796875 0.04879629629629641 0.0671875
2 0.6674537037037037 0.29140625 0.04863425925925924 0.0640625
3 0.34338541666666667 0.5203125 0.07178240740740734 0.11875
2 0.7046990740740741 0.40703125 0.04885416666666664 0.0984375
7 0.5496701388888889 0.47578125 0.02866898148148156 0.040625
2 0.6077372685185185 0.465625 0.06776620370370381 0.1015625
3 0.6589467592592593 0.2328125 0.037511574074074086 0.090625
1 0.5283564814814815 0.125 0.03950231481481481 0.06875
4 0.26675925925925925 0.2328125 0.06103009259259258 0.0921875
2 0.24489004629629632 0.59453125 0.07140046296296294 0.08125
7 0.8544386574074074 0.26640625 0.03500000000000014 0.0421875
1 0.9980960648148148 0.38828125 0.0038078703703703807 0.0796875