3 0.6411458333333333 0.919212962962963 0.09444444444444447 0.11783564814814795
6 0.5991493055555555 0.585943287037037 0.5058796296296297 0.20834490740740746
5 0.4839583333333334 0.6437094907407408 0.11606481481481482 0.16641203703703694
3 0.5542766203703704 0.8419733796296296 0.0993287037037037 0.14754629629629648
3 0.3765335648148148 0.7023148148148148 0.1667361111111111 0.23082175925925927
6 0.46348958333333334 0.5802488425925926 0.2684143518518519 0.28623842592592597
2 0.25492476851851853 0.6177835648148149 0.1010532407407407 0.09758101851851855
1 0.11014467592592592 0.6604803240740741 0.0674074074074074 0.08327546296296298
1 0.05048032407407408 0.7968171296296296 0.061249999999999985 0.08479166666666664
1 0.4316493055555556 0.9837673611111111 0.04431712962962955 0.03246527777777786
3 0.9429340277777778 0.4032523148148148 0.07468749999999993 0.12706018518518522
2 0.7520370370370371 0.07669560185185184 0.2053009259259259 0.14364583333333333