2 0.5095138888888889 0.6064409722222222 0.12319444444444443 0.10263888888888886
1 0.11946180555555555 0.954375 0.04149305555555553 0.05555555555555571
5 0.44369791666666664 0.626875 0.07388888888888889 0.11715277777777774
1 0.018229166666666664 0.6915972222222223 0.03645833333333333 0.06972222222222228
2 0.36520833333333336 0.7213194444444444 0.059097222222222176 0.06531249999999993
2 0.7239409722222222 0.37425347222222227 0.07100694444444429 0.0874305555555555
1 0.5477777777777778 0.9068055555555556 0.0483680555555555 0.06975694444444472
2 0.3158333333333333 0.7765277777777777 0.0499305555555555 0.06979166666666678
1 0.5014583333333333 0.8580729166666667 0.0453125 0.07124999999999986
3 0.6512847222222222 0.4430208333333333 0.09815972222222236 0.13642361111111115
5 0.8034548611111111 0.028020833333333335 0.05559027777777779 0.021527777777777778
7 0.18288194444444444 0.7767013888888888 0.03618055555555553 0.04138888888888879