5 0.615625 0.81484375 0.07421875 0.15390625
5 0.95859375 0.6765625 0.0828125 0.15
5 0.965625 0.571875 0.06875 0.06640625
3 0.14296875 0.27421875 0.0953125 0.140625
4 0.2640625 0.67578125 0.0796875 0.11796875
4 0.371875 0.7625 0.05859375 0.103125
3 0.4140625 0.046875 0.06796875 0.09296875
4 0.890625 0.27421875 0.0609375 0.07890625
5 0.3421875 0.290625 0.0984375 0.175
5 0.4859375 0.5109375 0.07265625 0.153125
5 0.490625 0.446875 0.07109375 0.13359375
5 0.5 0.3859375 0.0703125 0.121875
5 0.49375 0.2953125 0.071875 0.1375
5 0.70390625 0.95703125 0.0828125 0.0859375
5 0.96796875 0.2453125 0.0640625 0.0375
5 0.9625 0.21015625 0.07109375 0.0484375
5 0.9671875 0.16875 0.06484375 0.0484375
5 0.0359375 0.96328125 0.071875 0.0609375