6 0.6356702234375 0.623250453125 0.7033081640625001 0.5185401671875 0.7269971359375 0.42299568125000003 0.7159288203124999 0.3233553953125 0.6655973109375 0.2662835 0.6363115234375 0.2494706125 0.5511578593750001 0.28082813125 0.48062488124999997 0.3124595203125 0.43980610468750003 0.4160074296875 0.41935675312500004 0.5159182437500001 0.43488844843749996 0.5951470343749999 0.470262296875 0.64437808125 0.533153778125 0.670070153125 0.6356702234375 0.623250453125
5 0.6801678240740741 0.39502893518518517 0.15063657407407405 0.19943287037037036
5 0.8317592592592593 0.22734375 0.14907407407407405 0.19938657407407412
5 0.6589525462962962 0.7794502314814815 0.1728935185185186 0.23284722222222226
5 0.9375694444444445 0.6077025462962963 0.06819444444444471 0.20322916666666657
5 0.8880208333333333 0.8363252314814815 0.05342592592592581 0.05929398148148124
5 0.8934953703703703 0.8231828703703703 0.04689814814814817 0.05442129629629626
3 0.8759432870370372 0.921273148148148 0.058240740740740905 0.14054398148148123
5 0.8771354166666667 0.9275694444444443 0.034212962962962834 0.05092592592592595
5 0.07185185185185186 0.6892708333333333 0.1396990740740741 0.1991087962962963
5 0.2848900462962963 0.726105324074074 0.10070601851851854 0.14648148148148152
5 0.27111111111111114 0.8133506944444445 0.0866087962962963 0.06651620370370352
5 0.2750810185185185 0.6671180555555556 0.0787962962962963 0.06628472222222222
5 0.3501909722222222 0.6278645833333333 0.07300925925925927 0.07391203703703705
5 0.4135127314814815 0.5366087962962963 0.08909722222222224 0.08218750000000004
5 0.3194675925925926 0.5784317129629629 0.092037037037037 0.07915509259259253
6 0 0.5113998375000001 0.046429739062499996 0.5589345453125001 0.146644803125 0.564199353125 0.21889920156249998 0.5278926359375 0.2581701234375 0.40904485937499996 0.2785578 0.26785557656250003 0.2601060140625 0.166813940625 0.1866627515625 0.0425175546875 0.15947079375 0.01641061875 0.0716828171875 0.00800089375 0 0.33581382187500003 0 0.5113998375000001
5 0.21219328703703705 0.5001215277777777 0.09874999999999998 0.08715277777777786
5 0.20606481481481484 0.32619791666666664 0.09562500000000007 0.08706018518518518
5 0.1839351851851852 0.38267361111111114 0.09231481481481482 0.08384259259259261
5 0.4279861111111112 0.6489525462962963 0.10769675925925917 0.15916666666666668
3 0.836412037037037 0.9385011574074074 0.07156249999999993 0.1229976851851852
3 0.8478414351851853 0.8672222222222222 0.08533564814814838 0.09767361111111121
3 0.907650462962963 0.822037037037037 0.037650462962962906 0.1352546296296296
5 0.42288194444444444 0.021921296296296293 0.0792361111111111 0.021064814814814814
6 0.6116585765625 0.45300099843749997 0.5048838609375 0.014959521875000001 0.4357261 0.012910403125 0.578255584375 0.4797997140625 0.6116585765625 0.45300099843749997
6 0.606871465625 0.3201639203125 0.61982096875 0.22258113124999998 0.6063737640625 0.1534394625 0.5780226046875 0.11960949375 0.517030571875 0.126791084375 0.45965945937499997 0.162171025 0.422137359375 0.25383955937499997 0.416482234375 0.3340491859375 0.43758695000000003 0.4005801046875 0.488017490625 0.42890919375000003 0.54559409375 0.4085743 0.606871465625 0.3201639203125
6 0.23276171250000002 0.0068966437500000005 0.20214126875 0.07703062499999999 0.1716852828125 0.2163089875 0.21353383125 0.21674863125 0.232467225 0.1365580875 0.2727642953125 0.060422370312499994 0.27689896406250003 0.0082044140625 0.23276171250000002 0.0068966437500000005