5 0.45510416666666664 0.36723379629629627 0.11281250000000007 0.26744212962962965
5 0.49796875000000007 0.2731423611111111 0.12979166666666658 0.24185185185185185
5 0.6367708333333333 0.1647337962962963 0.16593750000000007 0.27019675925925923
5 0.6486979166666667 0.027291666666666665 0.09947916666666679 0.05458333333333333
5 0.5685416666666667 0.0010300925925925907 0.07541666666666665 0.0020601851851851814
5 0.4153124999999999 0.04062789351851852 0.09093750000000007 0.08125578703703704
4 0.2593229166666667 0.36103587962962963 0.08697916666666669 0.11350694444444454
4 0.13927083333333332 0.6086111111111111 0.08083333333333335 0.11474537037037039
4 0.04135416666666667 0.7023206018518519 0.08270833333333334 0.12549768518518523
4 0.8105208333333334 0.8634259259259259 0.09020833333333336 0.09187499999999993
4 0.13484374999999998 0.18453124999999998 0.07468750000000002 0.09262731481481482