1 0.44401041666666663 0.3152256944444445 0.06238425925925917 0.08476851851851848
5 0.49444444444444446 0.560150462962963 0.09496527777777786 0.1646527777777777
3 0.6337673611111111 0.5190798611111112 0.12928240740740726 0.20722222222222228
5 0.6076967592592593 0.41966435185185186 0.12731481481481488 0.19619212962962962
5 0.5489293981481481 0.23061921296296295 0.10925925925925917 0.1717361111111111
5 0.416869212962963 0.16015625 0.08680555555555554 0.07062499999999998
1 0.5041666666666667 0.29765046296296294 0.04976851851851851 0.08090277777777777
4 0.942679398148148 0.38079282407407405 0.05636574074074048 0.09064814814814817
5 0.6168113425925925 0.13129050925925925 0.06631944444444446 0.0647337962962963
5 0.5837962962962964 0.1348148148148148 0.058333333333333216 0.05958333333333332
5 0.48318865740740746 0.42011574074074076 0.07829861111111107 0.13560185185185175
3 0.8515625 0.8115046296296295 0.15271990740740726 0.1244212962962962
5 0.27612847222222225 0.9159895833333334 0.07737268518518511 0.06850694444444443
5 0.031047453703703702 0.6813194444444444 0.062094907407407404 0.0725462962962963
5 0.09036458333333333 0.8157233796296296 0.12899305555555557 0.11521990740740726