5 0.5804282407407408 0.07269097222222222 0.08912037037037024 0.11196759259259259
5 0.4409895833333334 0.0412037037037037 0.08052083333333329 0.058611111111111114
5 0.35077546296296297 0.06354166666666666 0.12344907407407409 0.10986111111111112
5 0.3478414351851852 0.20883101851851854 0.1569907407407408 0.265474537037037
5 0.47426504629629634 0.3274710648148148 0.12424768518518511 0.2691898148148148
5 0.5098148148148148 0.40746527777777775 0.12557870370370364 0.2536111111111111
4 0.8493576388888888 0.22681712962962966 0.06074074074074076 0.09394675925925924
4 0.70921875 0.40086805555555555 0.07503472222222207 0.10998842592592588
4 0.7993692129629629 0.6466145833333333 0.06857638888888892 0.09574074074074072
4 0.8932465277777777 0.7463136574074074 0.07804398148148124 0.10226851851851855
4 0.09067708333333332 0.8960474537037036 0.07942129629629631 0.08981481481481488
8 0.05074652777777777 0.3891435185185185 0.10149305555555554 0.13582175925925927