6 0.6724550390624999 0.6089047546875 0.7340289578125 0.5106625671875 0.7539297234375 0.4199448796875 0.7405523109375001 0.3243269515625 0.69091685 0.2683152640625 0.66249956875 0.2514059390625 0.58213986875 0.2789916875 0.5157377000000001 0.3072527390625 0.47971943437500003 0.4051413390625 0.46303307499999996 0.5001269703125 0.4800919921875 0.5763476765625 0.51523448125 0.6244367890625 0.575966421875 0.650789059375 0.6724550390624999 0.6089047546875
5 0.7084259259259259 0.3910300925925926 0.13675925925925939 0.19371527777777783
5 0.8483969907407406 0.23653935185185185 0.1351967592592594 0.19362268518518516
5 0.6990624999999999 0.7598726851851852 0.15799768518518534 0.2261689814814815
5 0.9580844907407406 0.6022627314814815 0.057256944444444714 0.1952430555555555
5 0.9203298611111113 0.8199421296296296 0.05162037037037024 0.05765046296296319
5 0.9246064814814815 0.8076736111111111 0.04684027777777757 0.05424768518518519
3 0.9116493055555555 0.9016030092592594 0.053935185185185475 0.1357754629629632
5 0.9130729166666667 0.9063831018518519 0.032638888888888926 0.0487268518518519
5 0.13552083333333334 0.6560416666666666 0.12894675925925925 0.19325231481481478
5 0.3409143518518518 0.6971701388888889 0.09313657407407412 0.14277777777777773
5 0.330625 0.7803009259259259 0.08149305555555557 0.06565972222222224
5 0.33003472222222224 0.6417418981481482 0.0737268518518519 0.06675925925925927
5 0.40076967592592594 0.6052372685185186 0.06766203703703706 0.07263888888888896
5 0.4580960648148148 0.5194155092592593 0.08351851851851855 0.08137731481481474
5 0.36932291666666667 0.5571990740740741 0.08498842592592588 0.0783449074074074
6 0.1085789921875 0.0064343109375 0.0661698921875 0.04009765 0.004848720312500001 0.36318851093750004 0.0079373140625 0.3922926953125 0.0494747109375 0.47030097031249996 0.10843467031250001 0.53072843125 0.2042000203125 0.5385974078125 0.2721124390625 0.5059131140625001 0.306221328125 0.3933465734375 0.3216818328125 0.2588767265625 0.3012201359375 0.16170968125000001 0.227632903125 0.0407449875 0.20095061875 0.015005185937500002 0.1540625125 0.0091296296875 0.1085789921875 0.0064343109375
5 0.2652025462962963 0.4790277777777778 0.09142361111111104 0.08496527777777771
5 0.2537037037037037 0.3124305555555556 0.08990740740740737 0.08643518518518523
5 0.23487268518518517 0.3668807870370371 0.0851273148148148 0.0830324074074074
5 0.47445601851851854 0.6276041666666667 0.0981481481481481 0.15399305555555554
3 0.8727893518518519 0.9188657407407408 0.0645023148148148 0.12392361111111114
3 0.8819270833333335 0.8481886574074075 0.07924768518518518 0.0951620370370371
3 0.9387152777777779 0.8069444444444445 0.03348379629629648 0.12988425925925923
5 0.45066550925925924 0.03061921296296296 0.07366898148148149 0.012164351851851852
6 0.6447319921875 0.4453838859375 0.532688621875 0.0315667328125 0.467150521875 0.027682993750000003 0.6136194015624999 0.47007225156250004 0.6447319921875 0.4453838859375
6 0.6364090359375 0.3181911125 0.6460055062500001 0.22522018593749998 0.631220609375 0.15870665 0.603213971875 0.125547065625 0.545223709375 0.13069185 0.49148542656250005 0.16291046250000002 0.4582767125 0.2495297546875 0.45514873749999996 0.3260896390625 0.4771659546875 0.3903225078125 0.5260833 0.41884476875 0.5804429921875001 0.40102241406249994 0.6364090359375 0.3181911125
6 0.2673739828125 0.015844384375 0.2433768984375 0.0741940171875 0.21825606406250003 0.20655144062500003 0.258196740625 0.20815507812499998 0.2739942234375 0.131988846875 0.3102897109375 0.060305 0.3123603296875 0.0185102421875 0.2673739828125 0.015844384375