5 0.2260300925925926 0.4681597222222223 0.20663194444444438 0.14034722222222235
5 0.5126331018518518 0.5942534722222221 0.09863425925925924 0.12305555555555543
5 0.6183159722222222 0.5317187499999999 0.06901620370370373 0.126423611111111
5 0.6016840277777777 0.5989930555555556 0.1153935185185185 0.20031250000000006
8 0.7654918981481481 0.41239583333333335 0.11082175925925916 0.20791666666666675
8 0.4527546296296297 0.25621527777777775 0.0885532407407407 0.18038194444444447
8 0.5309085648148149 0.2049652777777778 0.07829861111111107 0.12059027777777773
8 0.2804050925925926 0.17506944444444444 0.09168981481481478 0.07590277777777779
8 0.36564236111111115 0.17338541666666668 0.08219907407407412 0.06767361111111114
8 0.8552314814814815 0.21234374999999997 0.10378472222222221 0.15451388888888892
8 0.018344907407407407 0.3446527777777778 0.036689814814814814 0.15805555555555556