5 0.4765625 0.446875 0.05859375 0.165625
5 0.50390625 0.3875 0.059375 0.121875
5 0.44296875 0.33359375 0.059375 0.125
5 0.35859375 0.28515625 0.059375 0.1515625
5 0.3578125 0.37578125 0.04921875 0.1484375
5 0.33671875 0.41484375 0.059375 0.134375
5 0.284375 0.38359375 0.075 0.18046875
5 0.24140625 0.18046875 0.1546875 0.2109375
5 0.4953125 0.146875 0.08203125 0.240625
5 0.67578125 0.0328125 0.046875 0.065625
5 0.6328125 0.034375 0.04296875 0.059375
8 0.63671875 0.6296875 0.0890625 0.1015625
4 0.5890625 0.4046875 0.04921875 0.07890625
4 0.9453125 0.2875 0.04296875 0.08046875