5 0.5671875 0.45859375 0.08125 0.16484375
3 0.47578125 0.3171875 0.15625 0.29296875
6 0.46726935 0.46444446250000004 0.49539107343750005 0.49999998437500004 0.5189062359375 0.49888889062499997 0.5460102124999999 0.4688889234375 0.55100965 0.41888888125 0.5366363062499999 0.3855555484375 0.49976554531249995 0.3711111125 0.46726935 0.40333335156250005 0.46726935 0.46444446250000004
5 0.50234375 0.34453125 0.0609375 0.0296875
8 0.15625 0.38046875 0.10234375 0.240625
4 0.13359375 0.203125 0.05625 0.103125
1 0.671875 0.328125 0.0453125 0.10078125
8 0.8375 0.10078125 0.08359375 0.16640625
6 0.6884936296874999 0.30333335156249996 0.7142187359375 0.30027777968749997 0.7391126734375 0.25777777031250004 0.727863965625 0.2022222140625 0.68036955625 0.1811111296875 0.6459985625 0.20666667656249998 0.6509979984375 0.25888890625 0.6884936296874999 0.30333335156249996
6 0.5841307140625001 0.36666669375 0.570382334375 0.345555565625 0.5266374328125 0.3711111125 0.539760940625 0.4111111375 0.569757465625 0.4077777703125 0.5841307140625001 0.36666669375
6 0.5941295875 0.342222240625 0.6341248890625 0.35555558125000003 0.6653712484375001 0.3100000015625 0.657872140625 0.2677777875 0.6297504171874999 0.236666684375 0.593504621875 0.24000000937500002 0.5791313734375 0.2855555484375 0.5941295875 0.342222240625