5 0.5015625 0.4953125 0.05546875 0.18984375
5 0.6453125 0.56875 0.065625 0.1953125
5 0.82578125 0.44375 0.1203125 0.22890625
5 0.83984375 0.33203125 0.11484375 0.2328125
5 0.58046875 0.37421875 0.05 0.15078125
5 0.5421875 0.2765625 0.0546875 0.13984375
5 0.42578125 0.41796875 0.05625 0.146875
5 0.415625 0.46796875 0.05703125 0.13984375
5 0.47734375 0.078125 0.06953125 0.15
4 0.54140625 0.05625 0.04609375 0.0921875
4 0.60390625 0.0359375 0.03828125 0.07109375
5 0.67890625 0.0375 0.0828125 0.07421875
5 0.15234375 0.87578125 0.12578125 0.23984375
8 0.05859375 0.92109375 0.11640625 0.1578125
8 0.04765625 0.515625 0.0859375 0.13984375
4 0.01953125 0.40859375 0.0390625 0.09921875
1 0.053125 0.2109375 0.0515625 0.090625
5 0.596875 0.97265625 0.06171875 0.0546875
5 0.87578125 0.9734375 0.0625 0.0515625
5 0.965625 0.9703125 0.0640625 0.059375
5 0.8125 0.034375 0.065625 0.06875
5 0.5078125 0.39375 0.0640625 0.1546875