5 0.5966782407407407 0.4219212962962963 0.08923611111111107 0.19155092592592596
5 0.5669155092592593 0.3533969907407407 0.08333333333333322 0.1445138888888889
5 0.6355034722222223 0.3016550925925926 0.08351851851851855 0.14763888888888896
5 0.7296006944444444 0.25980324074074074 0.08674768518518512 0.17584490740740738
5 0.7292766203703703 0.3594791666666667 0.07562500000000014 0.17215277777777782
5 0.7530092592592592 0.40510416666666665 0.08572916666666668 0.15865740740740755
5 0.8105787037037036 0.37771412037037033 0.109097222222222 0.21127314814814815
5 0.8607175925925926 0.17236111111111113 0.19899305555555563 0.2299537037037037
5 0.5784432870370371 0.12734953703703705 0.11616898148148139 0.1991782407407407
8 0.41583333333333333 0.6033622685185185 0.11328703703703713 0.12425925925925921
4 0.47078124999999993 0.3608738425925926 0.06640046296296305 0.09534722222222217
4 0.07705439814814814 0.18313078703703706 0.05858796296296296 0.09494212962962964