5 0.5475694444444444 0.5308449074074074 0.11201388888888886 0.19465277777777779
3 0.4684201388888889 0.6999826388888889 0.21218749999999992 0.34811342592592587
6 0.46387195625000005 0.49768110937500004 0.4381907515625 0.5411579796875 0.4466971234375 0.607601465625 0.48657736875 0.6370668453125 0.524726646875 0.6150439375000001 0.535742346875 0.57633905 0.5233371625000001 0.52283284375 0.48963948281249997 0.494859646875 0.46387195625000005 0.49768110937500004
5 0.49267361111111113 0.6650925925925926 0.07118055555555554 0.042708333333333216
8 0.11144097222222223 0.6856423611111111 0.1451736111111111 0.282210648148148
4 0.11112847222222222 0.8827604166666667 0.0760763888888889 0.12255787037037039
1 0.6801388888888888 0.6538078703703704 0.06347222222222229 0.11722222222222226
8 0.8878819444444446 0.851087962962963 0.10947916666666657 0.1508217592592594
6 0.6669215312500001 0.733166365625 0.66874519375 0.790802046875 0.7097395140625 0.8126977578125001 0.7585321703125001 0.7816060421875 0.7630512703125001 0.7192753171875 0.7300208359375 0.6773326546875 0.7015755625 0.678418659375 0.6669215312500001 0.733166365625
6 0.5790871015625 0.6274424390625 0.557709203125 0.5852071 0.524572803125 0.5867230125 0.5158464031250001 0.6324621359375 0.5670508437499999 0.652751553125 0.5790871015625 0.6274424390625
6 0.584932065625 0.7164877796875 0.6069286125 0.763555390625 0.646871753125 0.7609685734375 0.6731716 0.7223239312499999 0.6754625484375001 0.6751324984375 0.63508769375 0.63095618125 0.5933804890625 0.652306459375 0.584932065625 0.7164877796875