1 0.5065393518518518 0.27468171296296295 0.065625 0.08530092592592595
5 0.5695891203703705 0.5207581018518519 0.09971064814814809 0.16232638888888892
3 0.422511574074074 0.5385706018518519 0.1372106481481481 0.2050462962962964
5 0.403125 0.4372395833333333 0.13368055555555552 0.19406250000000008
5 0.37311921296296297 0.23913773148148146 0.11556712962962959 0.16880787037037043
5 0.4633391203703704 0.12133101851851853 0.08848379629629619 0.07002314814814814
1 0.44351851851851853 0.282650462962963 0.05295138888888893 0.0804282407407407
4 0.07074652777777778 0.5383101851851853 0.07690972222222221 0.09483796296296294
5 0.16906828703703705 0.9558333333333333 0.08431712962962963 0.08401620370370359
5 0.26600115740740743 0.17506365740740742 0.06799768518518512 0.0650347222222222
5 0.2992476851851852 0.16519097222222223 0.061574074074074045 0.060254629629629616
5 0.5177083333333334 0.3862962962962963 0.0831018518518519 0.13553240740740743
3 0.3536168981481482 0.8944733796296296 0.1560185185185185 0.12255787037037039
5 0.926244212962963 0.7585763888888889 0.07905092592592596 0.06832175925925928
5 0.9932002314814815 0.5971585648148148 0.013599537037037025 0.1020717592592593