5 0.38144675925925925 0.1461226851851852 0.07934027777777786 0.16695601851851852
5 0.031753472222222225 0.28000578703703705 0.060555555555555564 0.16157407407407404
5 0.024768518518518516 0.39143518518518516 0.04428240740740741 0.07349537037037032
3 0.8896180555555556 0.7405671296296296 0.10267361111111128 0.15376157407407404
4 0.7575405092592593 0.3076678240740741 0.08530092592592595 0.128125
4 0.6412326388888889 0.2111979166666667 0.06331018518518512 0.11168981481481488
3 0.6023553240740741 0.9611400462962962 0.07260416666666672 0.07771990740740761
4 0.09196180555555555 0.7110243055555555 0.06625 0.08680555555555554
5 0.6769965277777777 0.7162905092592592 0.10607638888888893 0.19137731481481488
5 0.5213425925925925 0.47465277777777776 0.0793287037037036 0.16539351851851852
5 0.5179398148148149 0.5424768518518519 0.07605324074074069 0.14496527777777785
5 0.508269675925926 0.6077256944444445 0.07597222222222229 0.13402777777777786
5 0.5152372685185185 0.704832175925926 0.07765046296296312 0.1497106481481481
5 0.2860358796296296 0.02387152777777778 0.08768518518518516 0.028240740740740743
5 0.02501157407407407 0.7405671296296296 0.03935185185185186 0.04050925925925917
5 0.02997106481481481 0.7774594907407407 0.04881944444444445 0.05335648148148149
5 0.026394675925925926 0.8218460648148149 0.041006944444444436 0.05306712962962976