8 0.6105439814814815 0.45501736111111113 0.12912037037037044 0.17763888888888885
8 0.6545891203703704 0.6042361111111111 0.12313657407407419 0.1556597222222223
5 0.5384780092592593 0.44019097222222225 0.10447916666666668 0.15680555555555548
5 0.48733217592592587 0.3427604166666667 0.10614583333333343 0.18493055555555546
5 0.41041087962962963 0.2592013888888889 0.15504629629629624 0.1938194444444444
8 0.3563425925925926 0.6272916666666667 0.10328703703703698 0.16302083333333323
8 0.415005787037037 0.7855729166666666 0.10189814814814824 0.13958333333333323
5 0.6810127314814814 0.9181250000000001 0.11244212962962959 0.08052083333333329
8 0.2942476851851852 0.6091145833333333 0.11128472222222223 0.16631944444444446
8 0.25335069444444447 0.5130208333333334 0.12811342592592592 0.18697916666666678
8 0.1646238425925926 0.5470659722222223 0.13537037037037036 0.17777777777777787