8 0.40696759259259263 0.7106481481481481 0.1416782407407407 0.18686342592592595
4 0.4031944444444445 0.4559606481481481 0.0686689814814816 0.1049768518518519
5 0.4381712962962963 0.18307291666666664 0.13791666666666663 0.24901620370370373
5 0.6970254629629629 0.3778356481481482 0.12003472222222236 0.20086805555555554
5 0.599224537037037 0.3081597222222222 0.10415509259259252 0.1825231481481481
5 0.6581423611111111 0.43972800925925926 0.1337731481481482 0.18003472222222233
5 0.619386574074074 0.40486111111111106 0.12150462962962968 0.1947337962962962
5 0.535619212962963 0.3869502314814815 0.10739583333333336 0.19056712962962957
5 0.5235763888888888 0.4695601851851852 0.10231481481481489 0.16365740740740745
5 0.48715277777777777 0.4340856481481482 0.09592592592592589 0.15381944444444445
5 0.22774305555555557 0.09646990740740741 0.07925925925925928 0.08234953703703704
4 0.03155671296296296 0.39175347222222223 0.053159722222222226 0.11163194444444446