8 0.9015625 0.63203125 0.090625 0.1296875
1 0.88828125 0.36328125 0.0390625 0.07578125
1 0.93828125 0.44140625 0.03984375 0.06875
3 0.8703125 0.18203125 0.05546875 0.09375
5 0.50078125 0.415625 0.05234375 0.1125
3 0.15625 0.4140625 0.07578125 0.14296875
3 0.09921875 0.1984375 0.08515625 0.1328125
5 0.53828125 0.2984375 0.065625 0.13828125
5 0.6 0.2484375 0.03984375 0.13046875
5 0.6296875 0.29375 0.021875 0.1109375
3 0.64609375 0.2796875 0.04453125 0.1171875
5 0.62734375 0.20234375 0.06171875 0.04609375
5 0.4390625 0.18828125 0.05703125 0.10546875
5 0.3921875 0.1765625 0.06171875 0.08984375
5 0.2453125 0.1578125 0.0546875 0.04921875