1 0.521875 0.30390625 0.04296875 0.07109375
5 0.51484375 0.54140625 0.05625 0.14296875
3 0.3765625 0.521875 0.08125 0.17734375
5 0.38515625 0.42578125 0.08125 0.1671875
5 0.41015625 0.2390625 0.06953125 0.14609375
5 0.52265625 0.15390625 0.071875 0.04921875
1 0.46328125 0.2953125 0.03046875 0.0703125
4 0.05625 0.43671875 0.05234375 0.078125
5 0.034375 0.8390625 0.06640625 0.0640625
5 0.3296875 0.15546875 0.05234375 0.0484375
5 0.36171875 0.15390625 0.0453125 0.0453125
5 0.503125 0.40703125 0.04609375 0.11796875
3 0.2203125 0.82734375 0.12578125 0.0859375
5 0.778125 0.84296875 0.0625 0.04921875
5 0.97421875 0.5875 0.0515625 0.05625
5 0.93671875 0.72265625 0.10390625 0.08359375