6 0.53851110625 0.40222221406249997 0.4972658734375 0.440000009375 0.467894315625 0.5077778125 0.46664448125 0.599999984375 0.4828925296875 0.6988888906249999 0.539760940625 0.7388888734375 0.6097527671875 0.7811111296875 0.6392187359375 0.7711111125000001 0.695367771875 0.728888940625 0.7247393296875 0.642222240625 0.722239659375 0.5533333515625001 0.6822443578125 0.448888890625 0.59975389375 0.390000009375 0.53851110625 0.40222221406249997
5 0.67734375 0.659375 0.1015625 0.1640625
5 0.78046875 0.83359375 0.1 0.1640625
5 0.734375 0.3140625 0.11640625 0.19140625
5 0.96875 0.5140625 0.06171875 0.18046875
5 0.96328125 0.303125 0.0640625 0.046875
5 0.965625 0.31484375 0.06171875 0.04296875
3 0.9703125 0.22421875 0.05703125 0.1234375
5 0.9734375 0.21953125 0.053125 0.04140625
5 0.190625 0.2953125 0.0921875 0.165625
5 0.3890625 0.2984375 0.06640625 0.121875
5 0.39375 0.21875 0.06875 0.0484375
5 0.36875 0.3484375 0.06171875 0.05
5 0.428125 0.396875 0.0546875 0.05703125
5 0.4671875 0.48828125 0.06796875 0.0625
5 0.390625 0.43515625 0.07109375 0.059375
6 0 0.836666684375 0.052942659375 0.8999999843750001 0.1379327453125 0.9077778125 0.16734373593750002 0.88916666875 0.2572938265625 0.7911111453124999 0.2935396234375 0.7044444453125001 0.30291352968749996 0.5755555734375 0.29103990468749996 0.46333332499999996 0.233546575 0.41888888125 0.14293213437500002 0.40666667656250005 0.0773147796875 0.4511111203125 0.0248209359375 0.51555555625 0 0.5977777953125 0 0.836666684375
5 0.2796875 0.48671875 0.07578125 0.065625
5 0.23984375 0.640625 0.0734375 0.06640625
5 0.23125 0.5859375 0.0703125 0.0640625
5 0.5015625 0.390625 0.0703125 0.13203125
3 0.9234375 0.20078125 0.04140625 0.109375
3 0.9203125 0.26796875 0.06171875 0.078125
3 0.98046875 0.31796875 0.0390625 0.121875
5 0.3734375 0.96796875 0.06796875 0.046875
5 0.2875 0.96953125 0.065625 0.0609375
6 0.3604068125 1 0.4310235546875 0.9988888906250001 0.6274999859375 0.5961111125 0.6028785296875 0.5666666499999999 0.3604068125 1
6 0.4297737203125 0.6688889234375 0.4191499765625 0.7411111453125 0.43477315625 0.828888940625 0.47914302500000006 0.8700000187500001 0.5322618343750001 0.886666684375 0.5642187359374999 0.861388890625 0.5897551156249999 0.80222225625 0.5972542234375 0.7133333687500001 0.5597585921875 0.6244444796875 0.5122640890625 0.5966667015625 0.46164504375000004 0.61333336875 0.4297737203125 0.6688889234375
6 0.232296740625 0.999999984375 0.2478124859375 0.8877777796874999 0.2266723859375 0.8133333687500001 0.22542255 0.7388888734375 0.1879269203125 0.7322222234375 0.1879269203125 0.8611110953125 0.204799934375 0.944444428125 0.232296740625 0.999999984375