5 0.5096354166666666 0.5859375 0.08333333333333322 0.1875
5 0.4852777777777778 0.653125 0.0780555555555555 0.1390625
5 0.55890625 0.71015625 0.0797569444444445 0.1421875
5 0.6571180555555556 0.7578125 0.08263888888888893 0.171875
5 0.6487326388888889 0.65703125 0.06993055555555543 0.1671875
5 0.6678819444444445 0.61328125 0.08024305555555564 0.153125
5 0.7286805555555556 0.6453125 0.10284722222222217 0.2046875
5 0.7979166666666666 0.8671875 0.19520833333333343 0.24375
5 0.5177430555555556 0.89140625 0.11277777777777782 0.2171875
8 0.3119618055555556 0.3921875 0.10989583333333339 0.1171875
4 0.38855902777777784 0.6390625 0.06340277777777778 0.090625