5 0.5304571759259259 0.5335821759259259 0.06714120370370366 0.20565972222222229
5 0.37444444444444447 0.4578414351851852 0.078125 0.21207175925925928
5 0.18719907407407407 0.5948958333333334 0.13934027777777777 0.25047453703703704
5 0.17715277777777777 0.7150462962962962 0.13312500000000002 0.2550694444444444
5 0.45174768518518515 0.6644328703703704 0.06057870370370359 0.16337962962962962
5 0.49704282407407413 0.7682175925925925 0.0651851851851852 0.15251157407407412
5 0.6154224537037037 0.6145196759259259 0.06679398148148152 0.15878472222222229
5 0.6228414351851852 0.5615104166666667 0.06674768518518519 0.15253472222222228
5 0.5741782407407408 0.9484490740740741 0.07737268518518511 0.10310185185185183
4 0.5064178240740741 0.9753819444444446 0.051979166666666646 0.049236111111110856
4 0.4417129629629629 0.9936921296296297 0.040763888888889 0.012615740740740478
5 0.36045717592592597 0.9921238425925927 0.09077546296296299 0.01575231481481474
5 0.8852546296296296 0.13185185185185183 0.14550925925925923 0.23962962962962964
8 0.9536516203703703 0.08521412037037038 0.0698032407407407 0.14320601851851852
8 0.9819965277777778 0.502025462962963 0.0360069444444445 0.1505787037037038
1 0.9957986111111111 0.8272106481481482 0.008402777777777714 0.0970833333333335
5 0.40800925925925924 0.03260416666666666 0.0691087962962964 0.04945601851851852
5 0.1112037037037037 0.03758101851851852 0.06909722222222223 0.047893518518518516
5 0.025312499999999998 0.04255787037037037 0.05039351851851851 0.05386574074074074
5 0.21908564814814815 0.9958391203703704 0.0703935185185185 0.00832175925925931
5 0.5289120370370369 0.6413599537037037 0.07623842592592603 0.1682986111111111