5 0.4916435185185185 0.5283333333333333 0.08741898148148142 0.2057291666666666
5 0.625173611111111 0.4403125 0.09841435185185184 0.21427083333333333
5 0.8260127314814815 0.55140625 0.1596643518518519 0.26052083333333337
5 0.8572280092592592 0.6636979166666667 0.15500000000000008 0.2633333333333333
5 0.5892650462962963 0.6450520833333334 0.07618055555555561 0.16437500000000008
5 0.5658333333333333 0.7482291666666667 0.07767361111111111 0.15510416666666665
5 0.4261284722222222 0.6146354166666667 0.08241898148148152 0.1632291666666667
5 0.4085243055555556 0.56421875 0.08079861111111111 0.15531250000000013
5 0.5306886574074074 0.9358854166666667 0.0949421296296297 0.12822916666666656
4 0.5985590277777778 0.96015625 0.06325231481481489 0.0796875
4 0.6641087962962964 0.9738802083333333 0.050567129629629545 0.05223958333333343
5 0.739994212962963 0.9658854166666668 0.09596064814814813 0.06822916666666642
5 0.08229166666666667 0.18135416666666665 0.16432870370370373 0.2577083333333333
8 0.02474537037037037 0.14854166666666666 0.04949074074074074 0.15958333333333333
8 0.04200231481481482 0.5505729166666666 0.08400462962962964 0.15739583333333335
4 0.02559027777777778 0.6606249999999999 0.03983796296296296 0.10729166666666679
1 0.08117476851851851 0.8597395833333333 0.06636574074074073 0.10437499999999993
5 0.5155092592592593 0.05 0.06898148148148149 0.03583333333333334
5 0.8752893518518519 0.96328125 0.07715277777777771 0.0734375
5 0.5127662037037037 0.6313541666666667 0.09028935185185176 0.17156249999999992