8 0.906712962962963 0.6906365740740741 0.11157407407407405 0.15167824074074082
1 0.9125636574074074 0.40031249999999996 0.049687499999999926 0.08581018518518527
1 0.9599652777777777 0.48995949074074074 0.05115740740740762 0.07960648148148142
3 0.908096064814815 0.20417245370370368 0.0703240740740739 0.10828703703703706
5 0.4917592592592593 0.40736689814814814 0.06903935185185191 0.12699074074074074
3 0.1209375 0.36201967592592593 0.09769675925925925 0.1637615740740741
3 0.07758680555555555 0.12412037037037038 0.10380787037037038 0.15457175925925926
5 0.5415162037037037 0.2870196759259259 0.08510416666666672 0.1571412037037037
5 0.611111111111111 0.24066550925925928 0.05684027777777771 0.14693287037037042
5 0.64 0.2930613425925926 0.03618055555555557 0.12289351851851853
3 0.6585532407407408 0.28033564814814815 0.061296296296296404 0.13144675925925925
5 0.6447916666666667 0.19480902777777778 0.07114583333333328 0.058333333333333307
5 0.44352430555555555 0.1560474537037037 0.07363425925925923 0.12087962962962959
5 0.39326967592592593 0.13737847222222221 0.07650462962962967 0.10378472222222221
5 0.23730324074074077 0.09917824074074073 0.06491898148148145 0.05971064814814815