5 0.4161458333333334 0.41624999999999995 0.09187499999999993 0.17437500000000003
3 0.5163541666666667 0.26468749999999996 0.1742708333333333 0.31072916666666667
6 0.4874581703125 0.4539316828125 0.5179471703125 0.41548806406249994 0.5207368359375 0.3527205890625 0.48885159375000004 0.321848740625 0.450345728125 0.33920777812499997 0.43407037812500004 0.3744281640625 0.4369196625 0.42544129843749995 0.4633714359375 0.4543996375 0.4874581703125 0.4539316828125
5 0.48694444444444446 0.29546875 0.06388888888888893 0.035416666666666693
8 0.8408159722222223 0.30770833333333336 0.11722222222222242 0.2539583333333333
4 0.87234375 0.12411458333333333 0.06253472222222242 0.11010416666666663
1 0.31427083333333333 0.28984375 0.05145833333333334 0.10625
8 0.15494791666666669 0.07776041666666667 0.09159722222222225 0.15552083333333333
6 0.3387398359375 0.21693382031250003 0.34625547343749996 0.1629540359375 0.31214148750000004 0.139057865625 0.262426509375 0.16399123437500002 0.2483440609375 0.221822334375 0.2719566953125 0.2637707546875 0.2982230921875 0.26514875312499997 0.3387398359375 0.21693382031250003
6 0.402456709375 0.3230570421875 0.4153336421875 0.364298825 0.4459718140625 0.3656698515625 0.46126858125 0.3236876078125 0.41753262187500007 0.3004329015625 0.402456709375 0.3230570421875
6 0.411291 0.239405340625 0.3986169515625 0.1935986328125 0.361564128125 0.19265529374999998 0.3312780125 0.22653403125 0.32165304843750003 0.2704138109375 0.351646725 0.3150659203125 0.39330909687500004 0.298634275 0.411291 0.239405340625