8 0.42659722222222224 0.39490740740740743 0.09180555555555543 0.1640740740740741
8 0.35375 0.5298842592592592 0.09008101851851853 0.1421180555555555
5 0.49765625 0.3959085648148148 0.07136574074074069 0.14583333333333331
5 0.5670023148148149 0.311875 0.0653356481481481 0.17519675925925923
5 0.6565104166666667 0.24710069444444444 0.11532407407407419 0.17622685185185186
8 0.6264872685185185 0.6102372685185184 0.06672453703703703 0.1518402777777778
8 0.5372106481481481 0.7491898148148148 0.07280092592592595 0.1287268518518518
5 0.2609722222222222 0.8252083333333333 0.09732638888888889 0.06596064814814824
8 0.6889988425925926 0.6054340277777778 0.0761226851851852 0.1554513888888888
8 0.7481944444444444 0.5211458333333333 0.08874999999999993 0.1732870370370371
8 0.823576388888889 0.5711226851851852 0.09803240740740762 0.16127314814814825