8 0.6618402777777778 0.6823090277777778 0.13487268518518522 0.17884259259259244
4 0.6211342592592592 0.4149305555555555 0.06233796296296283 0.10175925925925924
5 0.5355034722222223 0.13295138888888888 0.12100694444444446 0.23775462962962962
5 0.2964641203703704 0.33740162037037036 0.10895833333333335 0.1999305555555555
5 0.3879224537037037 0.26283564814814814 0.09282407407407404 0.18228009259259262
5 0.3483391203703704 0.4021643518518518 0.12692129629629623 0.17392361111111115
5 0.38390046296296293 0.3641898148148148 0.11028935185185187 0.19216435185185182
5 0.4691666666666666 0.3440798611111111 0.09461805555555554 0.19013888888888886
5 0.4959548611111111 0.43151620370370375 0.09217592592592591 0.16040509259259253
5 0.5283680555555555 0.3926678240740741 0.08721064814814809 0.1508912037037037
5 0.7415740740740742 0.05397569444444443 0.07280092592592595 0.033379629629629634
4 0.9896874999999999 0.33702546296296293 0.02062500000000007 0.11020833333333328