8 0.11994791666666667 0.3042534722222222 0.12158564814814814 0.15017361111111108
1 0.07276041666666666 0.5778935185185186 0.0555787037037037 0.08359953703703696
1 0.04102430555555556 0.4883217592592592 0.05695601851851852 0.07737268518518511
3 0.05008680555555556 0.7627951388888888 0.07810185185185185 0.10579861111111129
5 0.47365162037037034 0.6064988425925926 0.07709490740740747 0.12452546296296294
3 0.8184664351851852 0.6811689814814815 0.10940972222222207 0.16092592592592592
3 0.8265509259259259 0.909513888888889 0.11694444444444443 0.15166666666666656
5 0.40866898148148145 0.7157407407407408 0.09667824074074076 0.15292824074074077
5 0.33563657407407405 0.7537384259259259 0.06974537037037036 0.1400347222222223
5 0.3160706018518519 0.7018634259259259 0.0471759259259259 0.11627314814814813
3 0.296238425925926 0.7117303240740741 0.07249999999999997 0.1275810185185186
5 0.29771412037037037 0.7938194444444444 0.07363425925925923 0.06043981481481477
5 0.48370949074074077 0.8473784722222224 0.08159722222222214 0.11834490740740762
5 0.5276157407407407 0.8691319444444445 0.0827430555555555 0.10430555555555543
5 0.6707118055555557 0.9197106481481482 0.06743055555555558 0.06190972222222228