5 0.49921875 0.05390625 0.0703125 0.1078125
5 0.64140625 0.04140625 0.0671875 0.0828125
5 0.7265625 0.07421875 0.096875 0.14609375
5 0.696875 0.24140625 0.10703125 0.24140625
5 0.5515625 0.32890625 0.07109375 0.253125
5 0.5015625 0.3984375 0.07578125 0.2359375
4 0.2109375 0.15078125 0.04375 0.084375
4 0.3109375 0.3484375 0.05546875 0.096875
4 0.175 0.565625 0.05078125 0.084375
4 0.0640625 0.64140625 0.06015625 0.0890625
4 0.8046875 0.9609375 0.06328125 0.078125
8 0.94609375 0.4796875 0.078125 0.11796875