5 0.5847569444444444 0.11265624999999999 0.10209490740740748 0.17128472222222219
5 0.9530931712962964 0.21050347222222224 0.09381365740740719 0.1680902777777778
5 0.9724276620370371 0.3167361111111111 0.05514467592592567 0.07798611111111109
3 0.17697916666666663 0.7394097222222221 0.12166666666666667 0.15968750000000007
4 0.24131365740740743 0.3049479166666667 0.10152777777777774 0.1354166666666666
4 0.3400752314814815 0.2002951388888889 0.07697916666666664 0.115625
3 0.4932002314814815 0.9337152777777777 0.08524305555555553 0.09729166666666664
4 0.9534201388888889 0.6367534722222222 0.07549768518518504 0.090625
5 0.38119212962962956 0.6958680555555555 0.1301388888888889 0.19746527777777773
5 0.49717013888888884 0.4455381944444444 0.0988773148148148 0.16958333333333328
5 0.511261574074074 0.5114930555555556 0.09454861111111104 0.14913194444444447
5 0.5306365740740742 0.5740798611111111 0.0923379629629629 0.13812499999999997
5 0.5378472222222223 0.6693229166666667 0.09638888888888886 0.1538888888888888
5 0.6586921296296296 0.0012326388888888873 0.09238425925925924 0.0024652777777777746
5 0.9983622685185185 0.6940625 0.003275462962962905 0.05826388888888889