5 0.6053935185185185 0.9168981481481481 0.08989583333333329 0.11579861111111107
5 0.7513715277777778 0.8958622685185185 0.08188657407407404 0.08894675925925917
5 0.8291377314814815 0.84453125 0.12615740740740727 0.16087962962962976
5 0.766244212962963 0.6882233796296295 0.15821759259259255 0.27141203703703703
5 0.6025231481481481 0.6348958333333333 0.12230324074074073 0.2732060185185185
5 0.5372337962962963 0.5771412037037036 0.12531250000000008 0.25769675925925917
4 0.2965393518518519 0.8931712962962962 0.06163194444444446 0.09600694444444428
4 0.35585069444444445 0.6713831018518519 0.0758101851851852 0.11215277777777785
4 0.17473958333333334 0.48585069444444445 0.0678935185185185 0.09780092592592596
4 0.048553240740740744 0.43582175925925926 0.07887731481481482 0.10445601851851852
8 0.9583738425925926 0.39346064814814813 0.0832523148148148 0.13599537037037032