5 0.8016898148148147 0.531712962962963 0.22644675925925953 0.1642939814814815
5 0.49421296296296297 0.44704861111111105 0.11862268518518526 0.1337962962962962
5 0.40532407407407406 0.525607638888889 0.09059027777777776 0.13431712962962977
5 0.40662615740740743 0.4554976851851852 0.14972222222222217 0.21134259259259255
8 0.2858101851851852 0.6661747685185185 0.14540509259259257 0.21741898148148148
8 0.6252372685185186 0.7769675925925925 0.12039351851851858 0.18998842592592596
8 0.560329861111111 0.8392650462962962 0.09968749999999993 0.1299768518518519
8 0.8108738425925927 0.831394675925926 0.10490740740740741 0.0865162037037038
8 0.7291261574074074 0.8462962962962963 0.09350694444444443 0.07829861111111107
8 0.24155671296296294 0.8796875 0.12984953703703708 0.1653935185185187
8 0.9993287037037037 0.6208333333333333 0.0013425925925925953 0.16053240740740726